case     lr110    lr111    LR1_2_2  LR1_2_7  lr202    lr203    sum      
0.0      0.311972 0.039410 0.056745 0.085617 0.144067 0.137179 0.774991 
0.5      0.146348 0.000000 0.000000 0.105836 0.083768 0.076259 0.412211 
1.0      0.031271 0.000000 0.030986 0.058664 0.046022 0.007938 0.174881 
1.5      0.000000 0.039410 0.038970 0.077700 0.083688 0.049338 0.289106 
2.0      0.020248 0.000000 0.193821 0.078999 0.061640 0.072763 0.427472 
2.5      0.188274 0.142638 0.410587 0.050048 0.045287 0.176758 1.013590 
3.0      0.020248 0.128776 0.010329 0.064044 0.060972 0.082757 0.367126 
3.5      0.000000 0.128776 0.000000 0.094482 0.078395 0.064427 0.366080 
4.0      0.100832 0.005884 0.000000 0.121343 0.119380 0.067497 0.414936 
5.0      0.076754 0.128776 0.049244 0.120659 0.080588 0.068372 0.524394 
6.0      0.083805 0.000000 0.209319 0.078671 0.154399 0.125965 0.652159 
7.0      0.020248 0.386329 0.000000 0.063937 0.041795 0.070746 0.583055 
