case     lr110    lr111    LR1_2_2  LR1_2_7  lr202    lr203    sum      
0.0      0.001734 0.000205 0.000286 0.005854 0.006600 0.020644 0.035322 
0.5      0.000813 0.000000 0.000000 0.007236 0.003838 0.011476 0.023363 
1.0      0.000174 0.000000 0.000156 0.004011 0.002108 0.001195 0.007644 
1.5      0.000000 0.000205 0.000196 0.005313 0.003834 0.007425 0.016973 
2.0      0.000113 0.000000 0.000976 0.005401 0.002824 0.010950 0.020264 
2.5      0.001046 0.000742 0.002067 0.003422 0.002075 0.026600 0.035952 
3.0      0.000113 0.000670 0.000052 0.004379 0.002793 0.012454 0.020461 
3.5      0.000000 0.000670 0.000000 0.006460 0.003592 0.009695 0.020417 
4.0      0.000560 0.000031 0.000000 0.008297 0.005469 0.010157 0.024514 
5.0      0.000427 0.000670 0.000248 0.008250 0.003692 0.010289 0.023575 
6.0      0.000466 0.000000 0.001054 0.005379 0.007074 0.018956 0.032928 
7.0      0.000113 0.002010 0.000000 0.004372 0.001915 0.010646 0.019055 
