N = 50;
K = 25;
capacity = [1000,1000,1000,1000,1000,1000,1000,1000,1000,1000,1000,1000,1000,1000,1000,1000,1000,1000,1000,1000,1000,1000,1000,1000,1000];
nodeInfo = [
<0,0.0,972.0,0>
<19,687.2,811.616,10>
<5,271.0400000000002,772.8512,10>
<9,390.20000000000005,514.616,10>
<16,396.20000000000005,520.616,10>
<16,269.9200000000002,769.6575999999999,10>
<12,213.20000000000005,337.616,10>
<8,185.20000000000005,309.616,10>
<12,272.7200000000002,777.6415999999999,10>
<17,267.9600000000002,764.0688,10>
<9,268.2400000000002,764.8671999999999,10>
<11,271.88000000000017,775.2463999999999,10>
<29,213.20000000000005,337.616,10>
<6,783.2,907.616,10>
<16,275.2400000000002,784.8272,10>
<27,272.1600000000002,776.0447999999999,10>
<11,270.20000000000016,770.4559999999999,10>
<14,266.8400000000002,760.8752,10>
<8,265.44000000000017,756.8831999999999,10>
<5,265.44000000000017,756.8831999999999,10>
<16,301.20000000000005,425.616,10>
<31,267.6800000000002,763.2703999999999,10>
<5,269.0800000000002,767.2623999999998,10>
<5,269.9200000000002,769.6575999999999,10>
<7,267.4000000000002,762.472,10>
<1,267.1200000000002,761.6735999999999,10>
<27,267.4000000000002,762.472,10>
<36,269.3600000000002,768.0608,10>
<30,264.88000000000017,755.2864,10>
<10,269.6400000000002,768.8591999999999,10>
<9,273.8400000000002,780.8351999999999,10>
<18,270.76000000000016,772.0527999999999,10>
<2,627.2,751.616,10>
<7,270.4800000000002,771.2543999999999,10>
<3,271.88000000000017,775.2463999999999,10>
<13,269.9200000000002,769.6575999999999,10>
<19,180.20000000000005,304.616,10>
<25,295.20000000000005,419.616,10>
<5,271.0400000000002,772.8512,10>
<25,270.76000000000016,772.0527999999999,10>
<9,271.32000000000016,773.6496,10>
<18,269.3600000000002,768.0608,10>
<6,271.0400000000002,772.8512,10>
<16,270.4800000000002,771.2543999999999,10>
<11,271.0400000000002,772.8512,10>
<26,381.20000000000005,505.616,10>
<2,85.20000000000005,209.61599999999999,10>
<22,271.32000000000016,773.6496,10>
<27,273.5600000000002,780.0367999999999,10>
<20,273.00000000000017,778.4399999999999,10>
<9,330.20000000000005,454.616,10>
<-19,273.8400000000002,780.8351999999999,10>
<-5,271.0400000000002,772.8512,10>
<-9,269.9200000000002,769.6575999999999,10>
<-16,266.00000000000017,758.4799999999999,10>
<-16,268.2400000000002,764.8671999999999,10>
<-12,175.20000000000005,299.616,10>
<-8,267.1200000000002,761.6735999999999,10>
<-12,269.3600000000002,768.0608,10>
<-17,274.6800000000002,783.2303999999999,10>
<-9,263.20000000000016,750.4959999999999,10>
<-11,272.1600000000002,776.0447999999999,10>
<-29,267.9600000000002,764.0688,10>
<-6,689.2,813.616,10>
<-16,270.76000000000016,772.0527999999999,10>
<-27,374.20000000000005,498.616,10>
<-11,268.8000000000002,766.4639999999999,10>
<-14,271.0400000000002,772.8512,10>
<-8,706.2,830.616,10>
<-5,273.00000000000017,778.4399999999999,10>
<-16,268.5200000000002,765.6655999999999,10>
<-31,268.8000000000002,766.4639999999999,10>
<-5,264.0400000000002,752.8911999999999,10>
<-5,269.6400000000002,768.8591999999999,10>
<-7,271.32000000000016,773.6496,10>
<-1,272.44000000000017,776.8431999999999,10>
<-27,797.2,921.616,10>
<-36,279.20000000000005,403.616,10>
<-30,267.4000000000002,762.472,10>
<-10,272.7200000000002,777.6415999999999,10>
<-9,399.20000000000005,523.616,10>
<-18,272.1600000000002,776.0447999999999,10>
<-2,807.2,931.616,10>
<-7,421.20000000000005,545.616,10>
<-3,271.6000000000002,774.4479999999999,10>
<-13,267.6800000000002,763.2703999999999,10>
<-19,275.8000000000002,786.424,10>
<-25,270.4800000000002,771.2543999999999,10>
<-5,272.7200000000002,777.6415999999999,10>
<-25,273.8400000000002,780.8351999999999,10>
<-9,792.2,916.616,10>
<-18,269.9200000000002,769.6575999999999,10>
<-6,273.8400000000002,780.8351999999999,10>
<-16,268.8000000000002,766.4639999999999,10>
<-11,265.7200000000002,757.6815999999999,10>
<-26,268.8000000000002,766.4639999999999,10>
<-2,272.1600000000002,776.0447999999999,10>
<-22,271.0400000000002,772.8512,10>
<-27,268.8000000000002,766.4639999999999,10>
<-20,267.9600000000002,764.0688,10>
<-9,234.20000000000005,358.616,10>
<0,0.0,972.0,0>
];
X = [35,55,20,10,55,30,20,30,20,15,45,45,55,65,41,31,53,65,63,2,5,60,42,24,23,2,8,13,6,49,27,57,63,32,17,12,24,67,37,47,44,49,56,15,14,28,22,18,26,25,20,25,19,40,57,61,37,4,55,26,62,21,31,46,55,57,64,20,30,50,5,53,15,45,15,47,53,49,27,22,37,25,36,11,26,35,35,16,41,40,18,15,45,65,49,6,35,56,10,15,11,35];
Y = [35,20,50,43,60,60,65,5,40,60,65,20,5,20,37,52,52,55,65,60,5,12,7,12,3,48,56,52,68,58,43,29,23,12,34,24,58,5,56,16,17,11,37,47,37,18,22,24,27,24,26,30,21,60,68,52,47,18,54,35,77,24,67,13,45,48,42,20,25,35,30,12,77,10,30,47,43,42,69,27,31,21,26,31,52,69,40,22,49,25,18,19,30,35,73,38,17,39,20,10,14,35];
membership = [1,0,1,0,1,0,1,0,1,1,0,0,1,1,0,0,0,0,1,1,1,0,1,1,0,1,1,0,1,1,0,0,0,0,0,0,1,1,0,0,0,1,0,0,0,0,0,1,0,0,0,0,1,0,1,0,1,0,1,1,0,0,1,1,0,0,0,0,1,1,1,0,1,1,0,1,1,0,1,1,0,0,0,0,0,0,1,1,0,0,0,1,0,0,0,0,0,1,0,0,0,1];
alpha = 5.0;
beta = 1.0;
