case     lr110    lr111    LR1_2_2  LR1_2_7  lr202    lr203    sum      
0.0      0.125055 0.047781 0.041676 0.074366 0.064792 0.031987 0.385657 
0.5      0.057497 0.044793 0.084341 0.027529 0.052927 0.070021 0.337108 
1.0      0.047861 0.000000 0.042411 0.046101 0.049375 0.016759 0.202507 
1.5      0.049641 0.000806 0.042232 0.028061 0.044209 0.117345 0.282295 
2.0      0.036816 0.000000 0.057066 0.026400 0.038378 0.027094 0.185754 
2.5      0.051300 0.034693 0.027374 0.026587 0.047570 0.034085 0.221609 
3.0      0.071981 0.032672 0.019414 0.047469 0.030531 0.043300 0.245367 
3.5      0.064125 0.025074 0.048997 0.039882 0.061630 0.104451 0.344159 
4.0      0.052339 0.057428 0.030384 0.066005 0.040709 0.053709 0.300574 
4.5      0.042323 0.074847 0.030909 0.101557 0.110409 0.094336 0.454381 
5.0      0.064125 0.060280 0.125880 0.126845 0.047841 0.087740 0.512711 
5.5      0.065164 0.075434 0.147916 0.123658 0.065630 0.089725 0.567528 
6.0      0.117493 0.169725 0.146036 0.054979 0.146502 0.118111 0.752846 
6.5      0.090154 0.215467 0.070310 0.071496 0.101517 0.063429 0.612373 
7.0      0.064125 0.161001 0.085054 0.139065 0.097978 0.047908 0.595130 
