case     lr110    lr111    LR1_2_2  LR1_2_7  lr202    lr203    sum      
0.0      0.004541 0.001815 0.002737 0.007708 0.008385 0.011313 0.036498 
0.5      0.002088 0.001701 0.005539 0.002853 0.006849 0.024764 0.043795 
1.0      0.001738 0.000000 0.002786 0.004778 0.006390 0.005927 0.021618 
1.5      0.001803 0.000031 0.002774 0.002908 0.005721 0.041500 0.054737 
2.0      0.001337 0.000000 0.003748 0.002736 0.004966 0.009582 0.022370 
2.5      0.001863 0.001318 0.001798 0.002756 0.006156 0.012054 0.025944 
3.0      0.002614 0.001241 0.001275 0.004920 0.003951 0.015314 0.029314 
3.5      0.002328 0.000952 0.003218 0.004134 0.007976 0.036940 0.055548 
4.0      0.001900 0.002181 0.001996 0.006841 0.005268 0.018995 0.037181 
4.5      0.001537 0.002843 0.002030 0.010526 0.014288 0.033363 0.064586 
5.0      0.002328 0.002289 0.008268 0.013147 0.006191 0.031030 0.063254 
5.5      0.002366 0.002865 0.009715 0.012817 0.008493 0.031732 0.067988 
6.0      0.004266 0.006446 0.009592 0.005698 0.018959 0.041771 0.086732 
6.5      0.003274 0.008184 0.004618 0.007410 0.013137 0.022432 0.059055 
7.0      0.002328 0.006115 0.005586 0.014413 0.012679 0.016943 0.058065 
