N = 107;
K = 50;
capacity = [200,200,200,200,200,200,200,200,200,200,200,200,200,200,200,200,200,200,200,200,200,200,200,200,200,200,200,200,200,200,200,200,200,200,200,200,200,200,200,200,200,200,200,200,200,200,200,200,200,200];
nodeInfo = [
<0,0,1351,0>
<20,672,887,0>
<30,110,256,90>
<10,442,836,90>
<20,81,226,90>
<10,475,535,90>
<40,296,442,0>
<20,660,716,90>
<20,127,363,90>
<10,115,333,90>
<20,854,902,90>
<10,200,328,90>
<20,165,274,90>
<30,33,291,90>
<20,72,107,90>
<10,333,547,90>
<30,148,190,90>
<10,444,552,90>
<30,38,378,90>
<20,810,945,90>
<20,32,126,90>
<10,84,223,90>
<30,475,562,90>
<10,519,740,0>
<20,876,1026,90>
<20,326,499,90>
<20,83,175,90>
<10,19,121,90>
<20,368,490,90>
<30,327,508,0>
<10,56,206,90>
<20,889,969,0>
<30,348,369,90>
<10,53,274,0>
<10,211,471,90>
<20,77,319,90>
<20,531,634,90>
<20,23,203,90>
<10,701,830,0>
<20,260,290,90>
<20,519,556,90>
<20,516,676,90>
<40,619,842,90>
<20,35,331,90>
<20,106,297,90>
<10,79,299,90>
<10,232,251,90>
<10,303,416,90>
<20,102,343,90>
<10,339,397,90>
<20,741,862,90>
<10,597,742,0>
<10,51,226,90>
<20,382,722,90>
<10,673,712,90>
<30,433,563,90>
<10,522,785,90>
<10,35,275,90>
<20,135,468,90>
<30,86,236,90>
<20,100,238,90>
<10,712,857,90>
<10,497,732,0>
<20,911,1042,0>
<20,293,571,90>
<10,15,203,90>
<10,65,367,90>
<20,104,192,90>
<20,57,391,90>
<10,35,252,90>
<10,323,372,0>
<10,472,637,90>
<20,213,429,90>
<30,26,284,90>
<30,398,702,90>
<10,38,309,90>
<20,126,187,90>
<20,170,311,90>
<20,661,793,0>
<20,286,386,90>
<20,302,484,0>
<10,152,312,90>
<20,70,236,90>
<10,222,470,90>
<10,500,581,90>
<30,258,385,90>
<10,381,408,90>
<10,14,413,90>
<20,168,512,90>
<20,68,285,90>
<40,285,366,90>
<10,76,181,90>
<30,49,346,90>
<10,226,407,90>
<10,403,647,0>
<10,65,87,90>
<30,91,333,90>
<20,572,606,90>
<10,228,363,90>
<10,86,142,90>
<10,66,163,90>
<20,198,334,90>
<10,709,934,90>
<20,55,135,90>
<20,241,435,90>
<20,475,608,90>
<20,715,742,90>
<10,534,539,90>
<-20,672,887,90>
<-30,191,360,90>
<-10,683,903,90>
<-20,450,593,90>
<-10,502,692,90>
<-40,296,442,90>
<-20,811,931,90>
<-20,601,820,90>
<-10,299,528,90>
<-20,1038,1090,90>
<-10,350,558,90>
<-20,193,432,90>
<-30,169,458,90>
<-20,317,400,90>
<-10,485,782,90>
<-30,529,741,90>
<-10,561,798,90>
<-30,769,949,90>
<-20,1021,1112,90>
<-20,594,599,90>
<-10,713,766,90>
<-30,790,924,90>
<-10,519,740,90>
<-20,1036,1052,90>
<-20,600,786,90>
<-20,734,814,90>
<-10,220,382,90>
<-20,864,925,90>
<-30,327,508,90>
<-10,557,645,90>
<-20,889,969,90>
<-30,688,800,90>
<-10,53,274,90>
<-10,706,737,90>
<-20,448,642,90>
<-20,927,977,90>
<-20,47,371,90>
<-10,701,830,90>
<-20,429,488,90>
<-20,529,732,90>
<-20,880,1049,90>
<-40,810,958,90>
<-20,41,288,90>
<-20,298,667,90>
<-10,199,333,90>
<-10,613,790,90>
<-10,420,485,90>
<-20,297,514,90>
<-10,631,659,90>
<-20,838,955,90>
<-10,597,742,90>
<-10,118,177,90>
<-20,710,961,90>
<-10,941,1000,90>
<-30,729,838,90>
<-10,620,876,90>
<-10,90,167,90>
<-20,446,719,90>
<-30,347,542,90>
<-20,763,910,90>
<-10,904,1041,90>
<-10,497,732,90>
<-20,911,1042,90>
<-20,625,794,90>
<-10,476,678,90>
<-10,176,332,90>
<-20,307,547,90>
<-20,457,552,90>
<-10,237,577,90>
<-10,323,372,90>
<-10,753,876,90>
<-20,622,757,90>
<-30,438,536,90>
<-30,582,714,90>
<-10,56,402,90>
<-20,209,288,90>
<-20,317,565,90>
<-20,661,793,90>
<-20,530,689,90>
<-20,302,484,90>
<-10,556,657,90>
<-20,198,311,90>
<-10,798,1034,90>
<-10,1020,1181,90>
<-30,404,607,90>
<-10,408,570,90>
<-10,713,812,90>
<-20,949,1031,90>
<-20,1056,1198,90>
<-40,486,534,90>
<-10,951,1049,90>
<-30,89,192,90>
<-10,338,483,90>
<-10,403,647,90>
<-10,510,722,90>
<-30,805,1050,90>
<-20,787,953,90>
<-10,304,475,90>
<-10,443,481,90>
<-10,671,678,90>
<-20,329,571,90>
<-10,987,1028,90>
<-20,962,1014,90>
<-20,692,916,90>
<-20,829,994,90>
<-20,720,918,90>
<-10,848,966,90>
<0,0,1351,0>
];
X = [70,33,10,4,25,86,6,32,24,95,99,8,85,103,109,43,115,112,93,90,84,129,17,32,61,104,109,89,21,99,101,9,4,21,21,1,94,74,94,135,134,30,4,87,62,2,17,1,112,135,125,57,28,137,94,92,10,35,76,127,8,102,24,22,123,67,39,21,28,86,132,2,88,74,0,99,119,28,34,16,77,96,127,42,36,103,96,63,122,40,99,10,97,27,126,118,135,111,61,16,91,119,30,28,21,121,119,34,33,8,19,22,84,6,34,30,86,101,5,87,113,119,36,122,110,91,91,100,139,57,32,64,103,107,95,29,99,105,9,6,21,34,6,88,74,94,136,131,34,20,93,61,0,19,4,113,137,121,57,26,133,90,94,14,32,78,136,7,99,24,22,127,59,43,16,28,91,132,36,84,80,1,102,121,31,34,18,77,103,130,33,32,107,98,59,118,35,98,35,97,25,126,127,131,102,63,3,94,120,33,30,30,116,118,35,70];
Y = [70,78,137,28,26,37,135,79,26,35,112,124,106,69,131,140,134,67,75,104,99,9,37,106,59,106,71,73,25,28,96,114,125,48,115,34,70,93,73,3,31,79,30,39,58,28,43,24,71,0,108,53,99,3,105,107,134,76,99,28,119,110,24,38,112,55,128,44,74,102,24,132,35,96,117,96,114,107,138,39,100,26,29,136,132,106,74,57,113,132,26,118,29,77,112,114,6,66,54,138,78,139,136,33,26,134,130,108,78,138,39,22,36,135,79,24,36,107,119,108,71,136,135,131,66,71,95,106,10,59,106,61,111,63,77,28,28,110,114,113,48,104,25,72,99,73,0,31,82,39,36,48,27,37,23,69,6,110,53,105,12,101,104,131,77,92,29,115,108,24,38,108,52,135,38,78,108,24,105,39,97,109,104,112,112,138,38,100,34,27,133,128,105,70,56,108,123,31,99,28,80,112,112,11,60,50,135,72,136,131,31,27,132,131,102,70];
membership = [1,1,1,1,1,1,1,1,1,1,1,1,1,1,1,1,1,1,1,1,1,1,1,1,1,1,1,1,1,1,1,1,1,1,1,1,1,1,1,1,1,1,1,1,1,1,1,1,1,1,1,1,1,1,1,1,1,1,1,1,1,1,1,1,1,1,1,1,1,1,1,1,1,1,1,1,1,1,1,1,1,1,1,1,1,1,1,1,1,1,1,1,1,1,1,1,1,1,1,1,1,1,1,1,1,1,1,1,1,1,1,1,1,1,1,1,1,1,1,1,1,1,1,1,1,1,1,1,1,1,1,1,1,1,1,1,1,1,1,1,1,1,1,1,1,1,1,1,1,1,1,1,1,1,1,1,1,1,1,1,1,1,1,1,1,1,1,1,1,1,1,1,1,1,1,1,1,1,1,1,1,1,1,1,1,1,1,1,1,1,1,1,1,1,1,1,1,1,1,1,1,1,1,1,1,1,1,1,1,1,1,1,1,1,1,1];
alpha = 1.0;
beta = 1.0;
