N = 101;
K = 50;
capacity = [700,700,700,700,700,700,700,700,700,700,700,700,700,700,700,700,700,700,700,700,700,700,700,700,700,700,700,700,700,700,700,700,700,700,700,700,700,700,700,700,700,700,700,700,700,700,700,700,700,700];
nodeInfo = [
<0,0,3598,0>
<20,2318,3457,90>
<20,523,973,90>
<10,892,1310,90>
<10,2118,3481,90>
<30,1476,2528,90>
<20,1216,2579,90>
<20,684,1894,90>
<20,764,1630,90>
<10,2647,3464,90>
<10,369,1625,90>
<20,1532,2456,90>
<40,1393,2041,90>
<30,985,1776,90>
<10,1465,2535,90>
<10,975,1875,90>
<10,370,1268,90>
<20,908,2284,90>
<40,7,558,90>
<30,587,1806,90>
<40,1027,1177,90>
<10,2127,3460,90>
<10,289,1317,90>
<10,1330,2863,90>
<10,468,544,90>
<20,72,554,90>
<20,33,411,90>
<10,29,1319,90>
<10,55,1080,90>
<30,1197,2126,90>
<10,621,1201,90>
<20,1064,1764,90>
<20,777,1695,90>
<20,1533,1849,90>
<30,1216,2380,90>
<30,2524,3390,90>
<20,196,679,90>
<20,756,1450,90>
<30,10,804,90>
<20,57,1026,90>
<20,41,285,90>
<20,155,1220,90>
<10,1273,2364,90>
<20,1172,2185,90>
<30,1955,3198,90>
<10,256,1521,90>
<20,714,1296,90>
<30,744,1421,90>
<10,1076,1926,90>
<10,69,1411,90>
<30,2135,2620,90>
<20,1318,2100,90>
<10,1655,2551,90>
<30,518,736,90>
<10,1219,2173,90>
<20,1801,2125,90>
<20,21,1288,90>
<10,2031,2919,90>
<30,304,1096,90>
<30,57,825,90>
<10,21,1437,90>
<30,813,1772,90>
<20,2405,2537,0>
<10,746,1476,90>
<10,1962,2818,90>
<30,819,1450,90>
<10,2052,2694,90>
<20,660,1757,90>
<10,45,1322,90>
<10,1015,1760,90>
<20,7,923,90>
<10,55,1152,90>
<10,573,1118,90>
<10,520,936,90>
<20,1983,1992,90>
<30,18,1587,90>
<10,488,1398,90>
<10,49,851,90>
<30,60,1526,90>
<30,1136,1999,90>
<30,1433,2093,0>
<20,2732,3194,90>
<50,64,1185,90>
<10,45,1517,90>
<20,46,1184,90>
<10,30,1128,90>
<10,1072,1544,90>
<10,9,660,90>
<30,162,650,90>
<10,57,1392,90>
<10,11,480,90>
<20,1109,2889,90>
<20,466,1171,90>
<10,50,1293,90>
<20,1939,2442,90>
<40,12,400,90>
<20,1838,2556,90>
<20,1197,1607,90>
<10,2209,2995,90>
<30,60,1025,90>
<10,945,1473,90>
<20,21,1007,90>
<-20,2388,2778,90>
<-20,772,2261,90>
<-10,1924,2668,90>
<-10,2862,3302,90>
<-30,2794,3339,90>
<-20,1607,2589,90>
<-20,1946,2595,90>
<-20,658,2128,90>
<-10,3164,3235,90>
<-10,1890,3102,90>
<-20,2487,2905,90>
<-40,1737,2466,90>
<-30,355,2023,90>
<-10,2165,3378,90>
<-10,818,1836,90>
<-10,384,1447,90>
<-20,2402,3181,90>
<-40,12,644,90>
<-30,2335,3019,90>
<-40,2254,2872,90>
<-10,2424,3482,90>
<-10,313,2315,90>
<-10,1976,2794,90>
<-10,561,2014,90>
<-20,527,1445,90>
<-20,201,623,90>
<-10,1371,1854,90>
<-10,139,376,90>
<-30,2090,3451,90>
<-10,1617,2170,90>
<-20,1241,1795,90>
<-20,1903,2865,90>
<-20,1964,2618,90>
<-30,2152,3222,90>
<-30,2269,3498,90>
<-20,851,2317,90>
<-20,2263,2898,90>
<-30,457,1307,90>
<-20,265,616,90>
<-20,63,1177,90>
<-20,1232,1733,90>
<-10,1259,1986,90>
<-20,1347,2256,90>
<-30,2190,3169,90>
<-10,2302,2644,90>
<-20,1331,2250,90>
<-30,212,1375,90>
<-10,2783,3500,90>
<-10,928,2043,90>
<-30,2529,3410,90>
<-20,1903,2497,90>
<-10,2454,3271,90>
<-30,1715,2443,90>
<-10,2258,3467,90>
<-20,1358,2778,90>
<-20,868,2299,90>
<-10,1981,3449,90>
<-30,2458,3292,90>
<-30,1296,2502,90>
<-10,2185,3159,90>
<-30,1470,2115,90>
<-20,2405,2537,90>
<-10,2075,2894,90>
<-10,2127,2838,90>
<-30,2546,3391,90>
<-10,2352,3388,90>
<-20,1759,2037,90>
<-10,271,1170,90>
<-10,2119,2464,90>
<-20,576,1226,90>
<-10,507,764,90>
<-10,740,1340,90>
<-10,436,1590,90>
<-20,1931,2417,90>
<-30,2237,3299,90>
<-10,1749,2833,90>
<-10,111,595,90>
<-30,1528,2292,90>
<-30,1303,2419,90>
<-30,1433,2093,90>
<-20,2828,3303,90>
<-50,2190,3149,90>
<-10,468,1525,90>
<-20,715,2236,90>
<-10,1681,2666,90>
<-10,2746,3469,90>
<-10,2985,3500,90>
<-30,204,799,90>
<-10,2946,3467,90>
<-10,1949,2587,90>
<-20,2793,3188,90>
<-20,2705,2834,90>
<-10,126,1175,90>
<-20,1730,3079,90>
<-40,217,1191,90>
<-20,1921,3217,90>
<-20,2623,3457,90>
<-10,2000,3484,90>
<-30,2037,2359,90>
<-10,2661,2919,90>
<-20,184,1039,90>
<0,0,3598,0>
];
X = [70,38,100,111,96,122,99,27,25,98,101,98,131,70,64,112,20,10,76,44,21,26,98,19,60,54,63,91,77,77,12,117,116,6,4,67,23,41,60,16,47,48,121,60,98,66,15,66,7,17,83,96,57,15,38,81,49,119,62,13,91,47,4,3,58,106,9,7,50,46,75,20,94,20,28,87,101,80,103,73,79,10,26,45,60,63,8,61,47,19,65,18,12,98,101,78,126,10,114,15,129,85,37,112,116,94,102,103,17,25,69,104,113,130,75,64,117,14,37,80,60,3,46,123,30,70,67,61,101,96,95,29,103,120,26,51,64,29,56,44,15,26,49,128,94,94,86,41,62,62,27,90,57,64,26,30,96,56,109,94,74,113,80,4,28,57,105,7,14,11,59,95,18,106,11,24,115,123,94,120,86,79,19,4,25,72,92,35,65,45,36,95,26,9,103,105,104,116,25,93,24,111,106,70];
Y = [70,105,5,78,62,11,53,32,31,36,68,46,4,113,59,3,108,118,65,62,28,91,75,116,111,102,103,91,15,117,33,55,10,121,137,84,22,64,66,90,36,72,9,52,116,131,30,117,113,25,105,55,70,23,16,135,70,20,125,80,71,57,15,98,85,5,9,92,29,52,64,93,1,109,14,63,4,22,19,119,128,50,23,71,115,100,102,66,63,96,80,123,31,28,32,61,20,105,63,94,77,85,115,2,34,59,33,33,18,46,48,51,67,16,103,89,10,107,111,63,89,17,80,64,106,110,123,107,59,23,103,10,55,20,104,115,78,36,95,82,96,24,48,0,56,104,109,12,128,73,44,91,77,88,15,58,138,56,25,89,56,36,40,15,115,87,26,52,133,23,77,68,107,0,100,19,41,19,18,10,124,128,41,33,66,117,123,88,73,68,94,121,102,42,12,49,82,23,94,61,105,70,81,70];
membership = [1,1,1,1,1,1,1,1,1,1,1,1,1,1,1,1,1,1,1,1,1,1,1,1,1,1,1,1,1,1,1,1,1,1,1,1,1,1,1,1,1,1,1,1,1,1,1,1,1,1,1,1,1,1,1,1,1,1,1,1,1,1,1,1,1,1,1,1,1,1,1,1,1,1,1,1,1,1,1,1,1,1,1,1,1,1,1,1,1,1,1,1,1,1,1,1,1,1,1,1,1,1,1,1,1,1,1,1,1,1,1,1,1,1,1,1,1,1,1,1,1,1,1,1,1,1,1,1,1,1,1,1,1,1,1,1,1,1,1,1,1,1,1,1,1,1,1,1,1,1,1,1,1,1,1,1,1,1,1,1,1,1,1,1,1,1,1,1,1,1,1,1,1,1,1,1,1,1,1,1,1,1,1,1,1,1,1,1,1,1,1,1,1,1,1,1,1,1,1,1,1,1,1,1];
alpha = 1.0;
beta = 1.0;
