N = 105;
K = 50;
capacity = [200,200,200,200,200,200,200,200,200,200,200,200,200,200,200,200,200,200,200,200,200,200,200,200,200,200,200,200,200,200,200,200,200,200,200,200,200,200,200,200,200,200,200,200,200,200,200,200,200,200];
nodeInfo = [
<0,0,634,0>
<34,0,587,10>
<39,124,134,10>
<19,31,41,10>
<32,148,158,10>
<14,285,295,10>
<16,209,219,10>
<13,63,73,10>
<10,97,107,10>
<13,388,398,10>
<8,67,77,10>
<9,0,585,10>
<18,114,124,10>
<18,106,116,10>
<18,242,252,10>
<12,412,422,10>
<17,72,82,10>
<11,421,431,0>
<9,60,70,10>
<30,28,38,10>
<23,154,164,10>
<9,0,543,0>
<13,0,549,10>
<25,88,98,10>
<18,0,565,10>
<32,161,171,10>
<23,36,46,10>
<31,76,86,10>
<9,0,598,0>
<12,42,52,10>
<15,0,570,10>
<6,62,72,10>
<36,154,164,10>
<17,259,269,10>
<5,448,458,10>
<23,111,121,10>
<32,24,34,10>
<16,236,246,10>
<4,309,319,10>
<14,421,431,0>
<9,458,468,0>
<10,296,306,10>
<4,68,78,10>
<4,13,23,10>
<18,107,117,0>
<20,84,94,10>
<19,170,180,10>
<16,271,281,10>
<26,401,411,10>
<3,244,254,10>
<20,0,579,10>
<8,443,453,0>
<13,244,254,10>
<14,42,52,10>
<15,382,392,10>
<27,110,120,10>
<5,0,551,10>
<18,64,74,10>
<19,268,278,10>
<23,347,357,10>
<15,0,556,10>
<20,0,568,10>
<13,0,551,10>
<12,190,200,10>
<19,10,20,10>
<20,188,198,10>
<17,301,311,10>
<20,278,288,10>
<18,145,155,10>
<20,11,21,10>
<7,0,576,10>
<18,320,330,10>
<15,45,55,10>
<16,0,576,10>
<13,426,436,10>
<35,219,229,10>
<15,0,579,10>
<11,105,115,10>
<8,17,27,10>
<20,30,40,10>
<18,55,65,10>
<16,0,566,10>
<28,206,216,10>
<5,220,230,10>
<15,0,587,10>
<21,248,258,10>
<15,161,171,10>
<9,71,81,10>
<21,313,323,10>
<31,329,339,10>
<5,438,448,0>
<3,249,259,10>
<20,202,212,10>
<24,285,295,10>
<13,309,319,10>
<15,311,321,10>
<19,0,545,10>
<9,58,68,10>
<10,0,532,10>
<20,492,502,0>
<25,0,572,10>
<16,182,192,10>
<21,0,564,10>
<16,21,31,10>
<8,93,103,10>
<27,411,421,0>
<-34,309,319,10>
<-39,166,176,10>
<-19,70,80,10>
<-32,486,496,10>
<-14,361,371,10>
<-16,456,466,10>
<-13,127,137,10>
<-10,212,222,10>
<-13,430,440,10>
<-8,0,548,10>
<-9,325,335,10>
<-18,0,583,10>
<-18,315,325,10>
<-18,268,278,10>
<-12,495,505,10>
<-17,284,294,10>
<-11,421,431,10>
<-9,384,394,10>
<-30,61,71,10>
<-23,413,423,10>
<-9,0,543,10>
<-13,0,550,10>
<-25,269,279,10>
<-18,123,133,10>
<-32,240,250,10>
<-23,234,244,10>
<-31,324,334,10>
<-9,0,598,10>
<-12,349,359,10>
<-15,241,251,10>
<-6,0,565,10>
<-36,216,226,10>
<-17,336,346,10>
<-5,483,493,10>
<-23,0,549,10>
<-32,216,226,10>
<-16,0,581,10>
<-4,531,541,10>
<-14,421,431,10>
<-9,458,468,10>
<-10,354,364,10>
<-4,411,421,10>
<-4,150,160,10>
<-18,107,117,10>
<-20,328,338,10>
<-19,369,379,10>
<-16,0,565,10>
<-26,0,554,10>
<-3,503,513,10>
<-20,492,502,10>
<-8,443,453,10>
<-13,0,561,10>
<-14,560,570,10>
<-15,511,521,10>
<-27,0,576,10>
<-5,0,572,10>
<-18,114,124,10>
<-19,495,505,10>
<-23,490,500,10>
<-15,0,577,10>
<-20,383,393,10>
<-13,570,580,10>
<-12,0,588,10>
<-19,384,394,10>
<-20,0,548,10>
<-17,366,376,10>
<-20,353,363,10>
<-18,240,250,10>
<-20,369,379,10>
<-7,559,569,10>
<-18,512,522,10>
<-15,160,170,10>
<-16,470,480,10>
<-13,0,577,10>
<-35,0,591,10>
<-15,0,583,10>
<-11,0,590,10>
<-8,0,578,10>
<-20,0,584,10>
<-18,186,196,10>
<-16,0,551,10>
<-28,232,242,10>
<-5,0,572,10>
<-15,206,216,10>
<-21,0,598,10>
<-15,386,396,10>
<-9,0,573,10>
<-21,0,551,10>
<-31,0,615,10>
<-5,438,448,10>
<-3,0,591,10>
<-20,277,287,10>
<-24,347,357,10>
<-13,535,545,10>
<-15,385,395,10>
<-19,0,609,10>
<-9,332,342,10>
<-10,0,553,10>
<-20,492,502,10>
<-25,346,356,10>
<-16,420,430,10>
<-21,86,96,10>
<-16,487,497,10>
<-8,137,147,10>
<-27,411,421,10>
<0,0,634,0>
];
X = [70,107,120,48,116,12,12,104,139,20,64,54,82,108,50,92,81,115,113,44,116,117,140,139,103,32,89,39,73,103,16,90,113,104,36,15,70,109,113,10,51,46,12,79,120,65,4,19,18,49,69,17,38,29,80,137,116,120,103,139,64,23,126,138,78,98,103,26,104,65,26,56,82,60,123,27,64,32,81,66,120,114,137,37,36,109,34,137,110,136,37,60,125,20,106,89,139,44,8,33,97,23,56,66,69,95,100,137,42,83,13,35,119,138,13,2,55,50,110,55,70,107,115,120,41,138,117,129,120,109,30,105,59,73,135,22,90,97,103,61,15,63,85,93,10,51,69,8,132,120,47,16,33,4,10,60,17,36,54,66,107,92,137,58,71,29,9,88,102,86,101,84,37,83,67,34,27,121,58,116,54,78,86,99,54,140,121,133,44,28,67,39,117,137,79,37,37,115,18,112,61,85,30,5,33,104,15,46,40,58,95,70];
Y = [70,77,22,47,22,138,84,54,73,69,132,106,100,30,112,138,36,124,35,58,105,4,42,68,119,52,39,100,96,44,62,44,32,73,38,4,94,131,45,86,92,112,48,80,102,0,71,120,70,140,115,138,122,60,103,137,13,60,86,72,138,39,23,24,63,4,77,130,32,80,50,139,103,23,84,46,115,6,57,40,47,109,127,138,54,78,20,96,99,123,79,54,68,106,10,24,110,36,138,0,115,19,129,91,6,135,99,7,29,38,129,90,73,78,48,106,102,106,28,127,83,25,124,52,36,105,4,24,14,139,57,2,115,96,65,104,14,12,82,34,18,129,111,61,86,92,116,87,133,102,83,92,117,44,111,84,138,124,78,82,102,22,84,95,70,94,19,29,52,80,0,88,125,12,120,72,104,124,80,83,41,111,40,34,33,36,123,130,116,62,96,13,92,101,72,79,73,82,104,13,57,75,21,99,0,139,9,133,113,11,135,70];
membership = [1,1,1,1,1,1,1,1,1,1,1,1,1,1,1,1,1,1,1,1,1,1,1,1,1,1,1,1,1,1,1,1,1,1,1,1,1,1,1,1,1,1,1,1,1,1,1,1,1,1,1,1,1,1,1,1,1,1,1,1,1,1,1,1,1,1,1,1,1,1,1,1,1,1,1,1,1,1,1,1,1,1,1,1,1,1,1,1,1,1,1,1,1,1,1,1,1,1,1,1,1,1,1,1,1,1,1,1,1,1,1,1,1,1,1,1,1,1,1,1,1,1,1,1,1,1,1,1,1,1,1,1,1,1,1,1,1,1,1,1,1,1,1,1,1,1,1,1,1,1,1,1,1,1,1,1,1,1,1,1,1,1,1,1,1,1,1,1,1,1,1,1,1,1,1,1,1,1,1,1,1,1,1,1,1,1,1,1,1,1,1,1,1,1,1,1,1,1,1,1,1,1,1,1,1,1,1,1,1,1,1,1];
alpha = 1.0;
beta = 1.0;
