N = 106;
K = 50;
capacity = [200,200,200,200,200,200,200,200,200,200,200,200,200,200,200,200,200,200,200,200,200,200,200,200,200,200,200,200,200,200,200,200,200,200,200,200,200,200,200,200,200,200,200,200,200,200,200,200,200,200];
nodeInfo = [
<0,0,634,0>
<34,37,67,10>
<8,113,143,10>
<39,114,144,10>
<19,31,61,10>
<14,275,305,0>
<22,34,64,10>
<23,477,507,10>
<18,335,365,10>
<16,199,229,10>
<15,159,189,10>
<13,51,81,10>
<13,53,83,10>
<11,231,261,10>
<7,76,106,10>
<43,202,232,10>
<18,337,367,10>
<13,274,304,0>
<31,464,494,0>
<9,294,324,10>
<12,322,352,10>
<7,206,236,10>
<18,96,126,10>
<33,336,366,10>
<17,62,92,10>
<15,420,450,10>
<9,55,85,10>
<30,28,58,10>
<17,401,431,10>
<25,78,108,10>
<18,334,364,10>
<23,36,66,10>
<9,281,311,10>
<31,66,96,10>
<24,324,354,10>
<9,166,196,10>
<12,42,72,10>
<1,176,206,10>
<36,144,174,10>
<17,249,279,10>
<23,101,131,10>
<20,40,70,10>
<32,24,54,10>
<16,226,256,10>
<37,15,45,10>
<4,62,92,0>
<4,13,43,10>
<23,196,226,10>
<25,320,350,10>
<18,97,127,10>
<16,261,291,10>
<26,391,421,10>
<20,215,245,10>
<34,234,264,10>
<13,234,264,10>
<14,42,72,10>
<29,230,260,10>
<15,372,402,0>
<22,41,71,10>
<27,100,130,10>
<20,305,335,0>
<5,73,103,10>
<18,54,84,10>
<25,253,283,10>
<41,104,134,10>
<23,337,367,0>
<20,352,382,10>
<19,10,40,10>
<9,127,157,0>
<20,268,298,10>
<18,135,165,10>
<4,315,345,0>
<12,169,199,10>
<20,11,41,10>
<15,117,147,10>
<10,373,403,10>
<15,35,65,10>
<16,54,84,10>
<22,9,39,10>
<35,209,239,10>
<15,135,165,10>
<8,17,47,10>
<20,30,60,10>
<18,55,85,10>
<16,77,107,10>
<5,210,240,10>
<21,238,268,10>
<20,376,406,10>
<9,71,101,10>
<31,319,349,0>
<13,222,252,10>
<20,374,404,10>
<20,94,124,10>
<20,192,222,10>
<17,299,329,10>
<15,301,331,10>
<5,359,389,10>
<12,60,90,10>
<25,283,313,10>
<9,48,78,10>
<24,416,446,0>
<16,172,202,0>
<21,287,317,10>
<1,224,254,10>
<16,21,51,10>
<8,83,113,10>
<27,401,431,10>
<-34,179,209,10>
<-8,144,174,10>
<-39,138,168,10>
<-19,230,260,10>
<-14,275,305,10>
<-22,178,208,10>
<-23,492,522,10>
<-18,524,554,10>
<-16,411,441,10>
<-15,326,356,10>
<-13,151,181,10>
<-13,418,448,10>
<-11,277,307,10>
<-7,460,490,10>
<-43,416,446,10>
<-18,359,389,10>
<-13,274,304,10>
<-31,464,494,10>
<-9,501,531,10>
<-12,482,512,10>
<-7,258,288,10>
<-18,375,405,10>
<-33,428,458,10>
<-17,76,106,10>
<-15,549,579,10>
<-9,299,329,10>
<-30,387,417,10>
<-17,550,580,10>
<-25,87,117,10>
<-18,368,398,10>
<-23,259,289,10>
<-9,318,348,10>
<-31,433,463,10>
<-24,446,476,10>
<-9,286,316,10>
<-12,263,293,10>
<-1,180,210,10>
<-36,206,236,10>
<-17,374,404,10>
<-23,239,269,10>
<-20,95,125,10>
<-32,62,92,10>
<-16,402,432,10>
<-37,101,131,10>
<-4,62,92,10>
<-4,150,180,10>
<-23,387,417,10>
<-25,485,515,10>
<-18,257,287,10>
<-16,396,426,10>
<-26,378,408,10>
<-20,232,262,10>
<-34,351,381,10>
<-13,493,523,10>
<-14,160,190,10>
<-29,438,468,10>
<-15,372,402,10>
<-22,219,249,10>
<-27,140,170,10>
<-20,305,335,10>
<-5,156,186,10>
<-18,403,433,10>
<-25,344,374,10>
<-41,339,369,10>
<-23,337,367,10>
<-20,400,430,10>
<-19,480,510,10>
<-9,127,157,10>
<-20,291,321,10>
<-18,190,220,10>
<-4,315,345,10>
<-12,196,226,10>
<-20,53,83,10>
<-15,267,297,10>
<-10,550,580,10>
<-15,314,344,10>
<-16,410,440,10>
<-22,104,134,10>
<-35,482,512,10>
<-15,343,373,10>
<-8,52,82,10>
<-20,74,104,10>
<-18,498,528,10>
<-16,336,366,10>
<-5,275,305,10>
<-21,291,321,10>
<-20,476,506,10>
<-9,191,221,10>
<-31,319,349,10>
<-13,411,441,10>
<-20,521,551,10>
<-20,502,532,10>
<-20,258,288,10>
<-17,356,386,10>
<-15,473,503,10>
<-5,485,515,10>
<-12,448,478,10>
<-25,303,333,10>
<-9,372,402,10>
<-24,416,446,10>
<-16,172,202,10>
<-21,310,340,10>
<-1,299,329,10>
<-16,234,264,10>
<-8,151,181,10>
<-27,440,470,10>
<0,0,634,0>
];
X = [70,107,109,120,48,12,86,40,129,12,102,41,104,22,46,138,18,107,90,54,30,63,108,37,81,13,113,44,8,139,103,89,54,39,5,73,103,140,113,104,15,54,70,109,85,12,79,28,50,120,19,18,69,36,38,29,83,80,78,137,110,116,120,85,137,139,23,78,58,26,104,55,137,65,119,9,82,60,79,27,64,81,66,120,114,37,109,39,137,136,133,120,33,125,100,89,67,42,117,44,4,23,56,105,66,69,95,116,116,116,30,12,98,67,112,10,103,32,117,29,58,123,16,107,90,66,33,55,61,37,99,34,113,2,54,139,97,120,47,17,35,46,126,138,97,86,60,32,64,92,140,12,121,26,58,121,16,20,50,13,10,4,36,80,107,132,110,137,138,69,135,139,15,71,58,8,92,55,137,44,115,88,59,15,82,60,37,90,65,101,104,20,103,83,139,136,115,93,27,103,84,61,70,51,110,36,4,23,56,106,49,34,64,70];
Y = [70,77,139,22,47,138,40,113,24,84,52,36,54,104,133,78,104,25,14,106,21,129,30,73,36,48,35,58,87,68,119,39,41,100,99,96,44,36,32,73,4,33,94,131,75,48,80,62,106,102,120,70,115,124,122,60,12,103,111,137,28,13,60,111,84,72,39,63,11,130,32,102,101,80,73,19,103,23,72,46,115,57,40,47,109,138,78,13,96,123,130,52,117,68,99,24,120,29,92,36,44,19,129,2,91,6,135,83,105,22,57,138,4,96,13,86,82,52,4,94,80,84,92,25,14,82,0,127,57,79,34,72,45,106,78,73,115,14,83,138,90,112,23,24,12,80,54,6,132,138,42,48,124,50,95,123,62,69,112,129,111,71,38,103,102,133,28,7,105,116,65,72,18,70,11,138,22,102,127,116,82,29,115,9,100,84,125,44,0,0,139,106,77,38,110,123,124,61,104,86,88,34,83,92,99,54,44,19,139,10,140,20,138,70];
membership = [1,1,1,1,1,1,1,1,1,1,1,1,1,1,1,1,1,1,1,1,1,1,1,1,1,1,1,1,1,1,1,1,1,1,1,1,1,1,1,1,1,1,1,1,1,1,1,1,1,1,1,1,1,1,1,1,1,1,1,1,1,1,1,1,1,1,1,1,1,1,1,1,1,1,1,1,1,1,1,1,1,1,1,1,1,1,1,1,1,1,1,1,1,1,1,1,1,1,1,1,1,1,1,1,1,1,1,1,1,1,1,1,1,1,1,1,1,1,1,1,1,1,1,1,1,1,1,1,1,1,1,1,1,1,1,1,1,1,1,1,1,1,1,1,1,1,1,1,1,1,1,1,1,1,1,1,1,1,1,1,1,1,1,1,1,1,1,1,1,1,1,1,1,1,1,1,1,1,1,1,1,1,1,1,1,1,1,1,1,1,1,1,1,1,1,1,1,1,1,1,1,1,1,1,1,1,1,1,1,1,1,1,1,1];
alpha = 1.0;
beta = 1.0;
