N = 103;
K = 50;
capacity = [200,200,200,200,200,200,200,200,200,200,200,200,200,200,200,200,200,200,200,200,200,200,200,200,200,200,200,200,200,200,200,200,200,200,200,200,200,200,200,200,200,200,200,200,200,200,200,200,200,200];
nodeInfo = [
<0,0,634,0>
<34,0,587,10>
<8,0,545,10>
<39,114,144,10>
<32,0,558,0>
<14,275,305,10>
<16,0,565,10>
<27,0,572,10>
<13,51,81,10>
<24,0,536,10>
<13,0,587,0>
<43,0,556,10>
<18,337,367,0>
<13,378,408,10>
<8,62,92,10>
<30,0,578,10>
<12,0,561,10>
<7,206,236,10>
<18,0,569,10>
<33,0,591,10>
<12,402,432,10>
<15,0,563,10>
<9,0,569,10>
<23,0,607,10>
<17,0,560,10>
<23,0,567,10>
<9,0,543,10>
<35,485,515,10>
<18,0,565,10>
<32,0,582,10>
<9,0,591,10>
<31,0,581,10>
<26,0,598,10>
<9,0,598,10>
<27,0,554,10>
<12,42,72,10>
<10,0,561,10>
<1,0,547,10>
<6,52,82,10>
<36,144,174,10>
<17,0,590,10>
<32,24,54,0>
<33,550,580,10>
<21,0,552,10>
<4,0,575,10>
<10,286,316,10>
<4,0,562,0>
<22,0,590,10>
<18,97,127,10>
<20,0,554,10>
<19,0,558,10>
<16,261,291,10>
<3,0,551,10>
<20,0,579,10>
<34,0,561,10>
<16,0,602,0>
<8,0,538,10>
<23,0,611,10>
<14,42,72,10>
<7,0,587,10>
<11,0,607,10>
<29,230,260,10>
<1,0,577,10>
<27,100,130,10>
<26,314,344,10>
<9,0,551,10>
<23,0,555,10>
<16,0,548,10>
<13,0,551,10>
<19,10,40,10>
<9,0,564,10>
<12,0,551,10>
<20,11,41,10>
<7,0,576,10>
<18,0,554,10>
<15,0,575,10>
<10,0,545,10>
<15,35,65,10>
<12,0,576,10>
<16,0,576,10>
<9,0,578,10>
<15,0,579,10>
<11,0,550,10>
<8,17,47,10>
<3,0,559,10>
<20,0,549,10>
<16,0,566,10>
<28,196,226,10>
<5,210,240,10>
<15,0,587,10>
<21,0,585,10>
<15,0,563,10>
<9,0,553,10>
<5,0,590,10>
<3,0,606,10>
<2,410,440,10>
<17,299,329,10>
<12,60,90,10>
<25,0,573,10>
<24,0,554,10>
<25,0,572,10>
<21,0,564,10>
<1,0,548,10>
<16,21,51,10>
<-34,0,589,10>
<-8,401,431,10>
<-39,0,549,10>
<-32,0,558,10>
<-14,0,565,10>
<-16,0,553,10>
<-27,0,578,10>
<-13,0,578,10>
<-24,319,349,10>
<-13,0,587,10>
<-43,0,555,10>
<-18,337,367,10>
<-13,0,588,10>
<-8,0,595,10>
<-30,0,606,10>
<-12,0,549,10>
<-7,0,566,10>
<-18,0,588,10>
<-33,0,562,10>
<-12,0,592,10>
<-15,0,593,10>
<-9,0,574,10>
<-23,0,589,10>
<-17,0,566,10>
<-23,0,570,10>
<-9,0,590,10>
<-35,0,612,10>
<-18,226,256,10>
<-32,0,570,10>
<-9,0,568,10>
<-31,0,609,10>
<-26,0,578,10>
<-9,0,609,10>
<-27,0,555,10>
<-12,0,566,10>
<-10,0,548,10>
<-1,0,569,10>
<-6,374,404,10>
<-36,305,335,10>
<-17,0,555,10>
<-32,24,54,10>
<-33,0,589,10>
<-21,0,570,10>
<-4,0,588,10>
<-10,0,585,10>
<-4,0,562,10>
<-22,0,553,10>
<-18,0,548,10>
<-20,0,572,10>
<-19,391,421,10>
<-16,351,381,10>
<-3,0,557,10>
<-20,0,574,10>
<-34,0,572,10>
<-16,0,602,10>
<-8,0,532,10>
<-23,0,575,10>
<-14,0,582,10>
<-7,0,594,10>
<-11,0,563,10>
<-29,0,565,10>
<-1,446,476,10>
<-27,411,441,10>
<-26,372,402,10>
<-9,0,611,10>
<-23,521,551,10>
<-16,0,598,10>
<-13,0,542,10>
<-19,0,591,10>
<-9,83,113,10>
<-12,0,556,10>
<-20,0,583,10>
<-7,0,596,10>
<-18,343,373,10>
<-15,0,569,10>
<-10,0,555,10>
<-15,0,581,10>
<-12,0,615,10>
<-16,0,575,10>
<-9,0,609,10>
<-15,0,556,10>
<-11,482,512,10>
<-8,0,550,10>
<-3,0,574,10>
<-20,0,551,10>
<-16,0,550,10>
<-28,222,252,10>
<-5,0,563,10>
<-15,230,260,10>
<-21,0,577,10>
<-15,0,584,10>
<-9,480,510,10>
<-5,0,566,10>
<-3,0,582,10>
<-2,0,560,10>
<-17,0,588,10>
<-12,101,131,10>
<-25,0,545,10>
<-24,0,575,10>
<-25,0,548,10>
<-21,0,583,10>
<-1,0,533,10>
<-16,268,298,10>
<0,0,634,0>
];
X = [70,107,109,120,116,12,12,44,41,132,104,138,18,20,64,115,30,63,108,37,92,13,113,60,8,116,117,58,103,32,54,39,67,73,112,103,97,140,90,113,104,70,88,10,113,46,12,83,120,65,4,19,49,69,36,84,17,70,29,61,54,83,29,137,59,121,139,2,126,78,58,137,65,26,56,119,9,82,107,60,99,64,32,81,135,120,114,137,37,36,109,34,137,37,60,15,100,42,117,4,97,56,105,66,103,95,140,116,33,5,50,36,136,104,139,18,34,51,86,15,55,89,10,82,48,104,55,22,123,86,66,109,16,23,58,69,85,106,107,101,120,120,110,139,70,81,27,102,54,12,98,138,92,18,13,46,67,40,84,8,110,28,66,20,90,35,115,80,79,93,47,138,103,69,137,50,44,37,125,23,85,79,89,61,64,33,129,120,116,121,133,38,30,116,54,71,16,44,39,103,15,139,27,104,78,137,26,70];
Y = [70,77,139,22,22,138,84,116,36,133,54,78,104,69,132,82,21,129,30,73,138,48,35,84,87,105,4,95,119,52,41,100,96,96,13,44,12,36,44,32,73,94,29,111,45,112,48,38,102,0,71,120,140,115,124,88,138,83,60,34,78,12,94,137,115,123,72,106,23,63,11,101,80,50,139,73,19,103,102,23,34,115,6,57,65,14,109,127,138,54,78,20,96,79,54,9,99,29,92,44,115,129,2,91,82,135,42,22,117,99,112,38,123,54,73,104,72,92,80,18,127,39,86,100,47,32,102,104,84,40,82,131,62,39,80,116,75,10,25,0,47,52,28,68,94,36,104,52,106,48,4,105,22,70,129,133,120,113,88,138,99,62,40,106,14,90,124,103,80,61,83,24,77,6,84,106,58,125,68,19,111,72,24,57,138,0,24,60,13,124,130,122,57,83,33,70,92,36,13,86,4,110,46,139,111,7,130,70];
membership = [1,1,1,1,1,1,1,1,1,1,1,1,1,1,1,1,1,1,1,1,1,1,1,1,1,1,1,1,1,1,1,1,1,1,1,1,1,1,1,1,1,1,1,1,1,1,1,1,1,1,1,1,1,1,1,1,1,1,1,1,1,1,1,1,1,1,1,1,1,1,1,1,1,1,1,1,1,1,1,1,1,1,1,1,1,1,1,1,1,1,1,1,1,1,1,1,1,1,1,1,1,1,1,1,1,1,1,1,1,1,1,1,1,1,1,1,1,1,1,1,1,1,1,1,1,1,1,1,1,1,1,1,1,1,1,1,1,1,1,1,1,1,1,1,1,1,1,1,1,1,1,1,1,1,1,1,1,1,1,1,1,1,1,1,1,1,1,1,1,1,1,1,1,1,1,1,1,1,1,1,1,1,1,1,1,1,1,1,1,1,1,1,1,1,1,1,1,1,1,1,1,1,1,1,1,1,1,1];
alpha = 1.0;
beta = 1.0;
