N = 102;
K = 50;
capacity = [1000,1000,1000,1000,1000,1000,1000,1000,1000,1000,1000,1000,1000,1000,1000,1000,1000,1000,1000,1000,1000,1000,1000,1000,1000,1000,1000,1000,1000,1000,1000,1000,1000,1000,1000,1000,1000,1000,1000,1000,1000,1000,1000,1000,1000,1000,1000,1000,1000,1000];
nodeInfo = [
<0,0,2535,0>
<9,1932,2172,10>
<26,1317,1557,10>
<27,339,579,10>
<18,1276,1516,10>
<22,47,287,10>
<13,1035,1275,10>
<40,563,803,10>
<10,1084,1324,10>
<22,9,249,10>
<18,479,719,10>
<17,1545,1785,10>
<8,392,632,10>
<19,10,250,10>
<27,1542,1782,10>
<8,170,410,10>
<20,1443,1683,10>
<20,974,1214,10>
<13,342,582,10>
<21,539,779,10>
<12,180,420,10>
<30,28,268,10>
<11,320,560,10>
<13,146,386,10>
<13,1135,1375,10>
<12,817,1057,10>
<22,1846,2086,0>
<24,499,739,10>
<8,17,257,10>
<20,1437,1677,10>
<36,516,756,10>
<12,617,857,10>
<15,79,319,10>
<21,1911,2151,0>
<6,149,389,10>
<10,288,528,10>
<23,1866,2106,10>
<22,34,274,10>
<20,801,1041,10>
<26,1195,1435,10>
<34,37,277,10>
<13,150,390,10>
<20,41,281,10>
<13,876,1116,10>
<37,15,255,10>
<31,204,444,10>
<19,31,271,10>
<17,937,1177,10>
<12,48,288,10>
<27,152,392,10>
<39,396,636,10>
<9,1117,1357,10>
<7,765,1005,10>
<20,316,556,10>
<15,542,782,10>
<16,249,489,10>
<4,172,412,10>
<35,776,1016,10>
<21,1151,1391,10>
<11,1584,1824,10>
<23,36,276,10>
<20,237,477,10>
<18,323,563,10>
<18,156,396,10>
<18,700,940,10>
<16,1487,1727,10>
<20,1010,1250,10>
<4,1136,1376,10>
<20,1162,1402,10>
<14,1038,1278,10>
<20,30,270,10>
<1,642,882,10>
<19,582,822,10>
<18,100,340,10>
<3,896,1136,10>
<19,706,946,10>
<13,994,1234,10>
<18,1778,2018,10>
<15,480,720,10>
<18,357,597,0>
<9,1614,1854,10>
<7,242,482,10>
<9,448,688,10>
<20,11,251,10>
<23,724,964,10>
<4,13,253,10>
<9,1731,1971,10>
<16,735,975,10>
<10,765,1005,10>
<24,1041,1281,10>
<43,749,989,10>
<1,1049,1289,10>
<32,24,264,10>
<16,21,261,10>
<15,408,648,10>
<3,1295,1535,10>
<27,1245,1485,10>
<20,708,948,10>
<9,131,371,0>
<12,658,898,10>
<9,167,407,10>
<10,1105,1345,10>
<17,190,430,10>
<-9,2195,2435,10>
<-26,1365,1605,10>
<-27,658,898,10>
<-18,1438,1678,10>
<-22,779,1019,10>
<-13,1428,1668,10>
<-40,1861,2101,10>
<-10,1237,1477,10>
<-22,358,598,10>
<-18,891,1131,10>
<-17,1524,1764,10>
<-8,651,891,10>
<-19,952,1192,10>
<-27,2134,2374,10>
<-8,1375,1615,10>
<-20,1540,1780,10>
<-20,1581,1821,10>
<-13,576,816,10>
<-21,1691,1931,10>
<-12,544,784,10>
<-30,626,866,10>
<-11,1065,1305,10>
<-13,1221,1461,10>
<-13,1431,1671,10>
<-12,1606,1846,10>
<-22,1846,2086,10>
<-24,517,757,10>
<-8,1554,1794,10>
<-20,1846,2086,10>
<-36,1700,1940,10>
<-12,722,962,10>
<-15,1086,1326,10>
<-21,1911,2151,10>
<-6,1136,1376,10>
<-10,326,566,10>
<-23,1944,2184,10>
<-22,243,483,10>
<-20,1287,1527,10>
<-26,2024,2264,10>
<-34,1144,1384,10>
<-13,1010,1250,10>
<-20,272,512,10>
<-13,867,1107,10>
<-37,253,493,10>
<-31,1654,1894,10>
<-19,49,289,10>
<-17,968,1208,10>
<-12,142,382,10>
<-27,876,1116,10>
<-39,1102,1342,10>
<-9,1439,1679,10>
<-7,865,1105,10>
<-20,1582,1822,10>
<-15,1375,1615,10>
<-16,1870,2110,10>
<-4,1428,1668,10>
<-35,1413,1653,10>
<-21,1214,1454,10>
<-11,2139,2379,10>
<-23,173,413,10>
<-20,343,583,10>
<-18,971,1211,10>
<-18,835,1075,10>
<-18,1622,1862,10>
<-16,1452,1692,10>
<-20,1723,1963,10>
<-4,1288,1528,10>
<-20,1602,1842,10>
<-14,1908,2148,10>
<-20,155,395,10>
<-1,1830,2070,10>
<-19,861,1101,10>
<-18,829,1069,10>
<-3,1284,1524,10>
<-19,845,1085,10>
<-13,1490,1730,10>
<-18,1879,2119,10>
<-15,875,1115,10>
<-18,357,597,10>
<-9,2040,2280,10>
<-7,1179,1419,10>
<-9,1211,1451,10>
<-20,1345,1585,10>
<-23,1282,1522,10>
<-4,1504,1744,10>
<-9,1880,2120,10>
<-16,1198,1438,10>
<-10,1280,1520,10>
<-24,974,1214,10>
<-43,1072,1312,10>
<-1,1796,2036,10>
<-32,604,844,10>
<-16,985,1225,10>
<-15,1949,2189,10>
<-3,1670,1910,10>
<-27,1548,1788,10>
<-20,1230,1470,10>
<-9,131,371,10>
<-12,1347,1587,10>
<-9,861,1101,10>
<-10,1314,1554,10>
<-17,491,731,10>
<0,0,2535,0>
];
X = [70,101,69,137,103,78,107,137,46,79,104,8,109,78,95,64,39,120,140,121,42,44,32,41,106,107,83,132,81,120,113,137,82,10,90,139,60,86,69,59,107,104,54,38,85,39,48,104,103,44,120,54,63,33,34,114,12,27,110,115,89,65,108,120,92,2,26,113,110,12,66,140,4,120,60,139,126,58,64,82,117,46,58,65,28,79,51,12,97,20,138,29,70,66,119,135,103,125,44,138,137,8,81,88,84,116,86,37,36,71,5,137,109,16,98,85,34,16,15,15,102,36,32,23,54,50,9,123,83,116,138,40,64,137,56,10,100,120,66,99,18,93,89,115,69,50,139,37,29,121,113,49,103,61,22,10,67,33,80,97,136,54,116,15,103,105,13,20,35,139,4,67,60,61,30,133,37,109,26,70,36,82,112,56,47,13,104,18,58,55,129,55,117,90,73,19,27,17,92,30,44,23,83,37,116,70];
Y = [70,0,116,137,119,111,25,7,112,72,32,87,139,63,135,132,13,14,42,124,29,58,6,36,10,102,38,133,57,52,32,101,103,111,44,73,84,40,115,115,77,54,33,122,75,100,47,73,44,116,22,106,129,117,20,109,48,46,99,124,39,0,30,60,22,106,130,45,28,138,40,36,71,47,54,110,23,80,115,100,4,133,11,80,62,80,92,84,12,106,78,94,94,91,73,65,82,68,36,24,96,138,36,29,88,83,80,138,54,70,99,84,78,62,4,111,72,92,18,9,52,38,52,19,41,106,19,84,38,105,105,113,138,127,129,111,99,102,82,34,104,61,24,82,6,112,68,79,60,123,35,140,77,57,104,86,120,0,103,115,123,78,13,4,86,2,48,69,90,72,44,96,23,34,57,130,73,131,50,83,124,100,13,139,83,129,139,70,95,102,24,127,92,14,96,120,104,138,138,21,36,39,12,125,22,70];
membership = [1,1,1,1,1,1,1,1,1,1,1,1,1,1,1,1,1,1,1,1,1,1,1,1,1,1,1,1,1,1,1,1,1,1,1,1,1,1,1,1,1,1,1,1,1,1,1,1,1,1,1,1,1,1,1,1,1,1,1,1,1,1,1,1,1,1,1,1,1,1,1,1,1,1,1,1,1,1,1,1,1,1,1,1,1,1,1,1,1,1,1,1,1,1,1,1,1,1,1,1,1,1,1,1,1,1,1,1,1,1,1,1,1,1,1,1,1,1,1,1,1,1,1,1,1,1,1,1,1,1,1,1,1,1,1,1,1,1,1,1,1,1,1,1,1,1,1,1,1,1,1,1,1,1,1,1,1,1,1,1,1,1,1,1,1,1,1,1,1,1,1,1,1,1,1,1,1,1,1,1,1,1,1,1,1,1,1,1,1,1,1,1,1,1,1,1,1,1,1,1,1,1,1,1,1,1];
alpha = 1.0;
beta = 1.0;
