N = 101;
K = 50;
capacity = [1000,1000,1000,1000,1000,1000,1000,1000,1000,1000,1000,1000,1000,1000,1000,1000,1000,1000,1000,1000,1000,1000,1000,1000,1000,1000,1000,1000,1000,1000,1000,1000,1000,1000,1000,1000,1000,1000,1000,1000,1000,1000,1000,1000,1000,1000,1000,1000,1000,1000];
nodeInfo = [
<0,0,2535,0>
<20,0,2483,10>
<14,0,2483,10>
<26,0,2479,10>
<27,378,539,10>
<18,1329,1463,10>
<22,112,222,10>
<9,0,2452,10>
<22,0,2516,10>
<19,0,2515,10>
<27,1622,1703,10>
<8,168,411,10>
<20,1030,1159,10>
<14,0,2463,10>
<13,0,2450,10>
<21,575,744,10>
<12,0,2476,10>
<30,47,182,10>
<13,203,328,10>
<13,1229,1282,10>
<8,33,104,10>
<20,0,2472,10>
<36,0,2468,10>
<15,0,2490,10>
<21,1975,2088,10>
<6,240,298,10>
<15,0,2476,10>
<15,1691,1793,10>
<16,1428,1541,10>
<20,0,2480,10>
<26,1239,1392,10>
<1,0,2449,10>
<13,208,333,10>
<20,118,204,10>
<32,0,2483,10>
<9,295,432,0>
<31,0,2482,10>
<19,94,161,10>
<17,0,2491,10>
<12,0,2483,10>
<9,656,793,10>
<27,0,2473,0>
<9,0,2524,10>
<18,1284,1314,10>
<21,0,2489,10>
<39,440,591,10>
<7,817,954,10>
<20,365,507,10>
<15,0,2489,10>
<25,1414,1517,10>
<15,0,2464,10>
<16,326,412,10>
<4,234,351,10>
<23,1349,1466,10>
<32,558,663,10>
<21,0,2476,10>
<15,1589,1700,10>
<35,0,2510,10>
<13,1652,1800,10>
<10,0,2501,10>
<20,282,432,10>
<18,216,337,10>
<16,1541,1673,10>
<25,1035,1109,10>
<4,0,2476,10>
<24,0,2449,10>
<23,0,2468,10>
<20,0,2467,10>
<20,40,202,10>
<18,929,1045,10>
<16,669,824,10>
<19,640,763,10>
<12,0,2454,10>
<5,242,343,10>
<27,0,2455,10>
<3,944,1048,10>
<18,129,312,10>
<3,0,2507,10>
<30,0,2479,10>
<19,765,887,10>
<18,411,543,10>
<9,166,357,10>
<25,1478,1589,10>
<31,0,2441,10>
<18,1341,1458,10>
<9,533,604,10>
<20,0,2514,10>
<17,0,2467,10>
<41,438,517,10>
<4,0,2512,10>
<16,777,933,10>
<27,0,2513,10>
<10,861,908,10>
<4,0,2490,10>
<32,0,2501,10>
<24,0,2455,10>
<16,0,2504,10>
<24,0,2454,10>
<28,0,2438,10>
<12,0,2443,10>
<9,0,2454,10>
<17,237,382,10>
<-20,1910,1991,10>
<-14,1472,1631,10>
<-26,0,2512,10>
<-27,0,2437,10>
<-18,0,2454,10>
<-22,469,555,10>
<-9,0,2467,10>
<-22,514,687,10>
<-19,101,190,10>
<-27,0,2466,10>
<-8,0,2454,10>
<-20,1133,1176,10>
<-14,1663,1738,10>
<-13,0,2444,10>
<-21,1138,1312,10>
<-12,1920,2060,10>
<-30,0,2483,10>
<-13,211,290,10>
<-13,1914,2059,10>
<-8,1416,1574,10>
<-20,407,486,10>
<-36,0,2473,10>
<-15,0,2490,10>
<-21,0,2478,10>
<-6,0,2475,10>
<-15,0,2491,10>
<-15,1885,2046,10>
<-16,1820,1976,10>
<-20,0,2473,10>
<-26,1482,1614,10>
<-1,0,2481,10>
<-13,1216,1295,10>
<-20,1581,1739,10>
<-32,328,456,10>
<-9,295,432,10>
<-31,1350,1463,10>
<-19,0,2477,10>
<-17,0,2434,10>
<-12,0,2488,10>
<-9,1203,1242,10>
<-27,0,2473,10>
<-9,0,2448,10>
<-18,0,2492,10>
<-21,0,2479,10>
<-39,1484,1613,10>
<-7,0,2465,10>
<-20,0,2438,10>
<-15,1338,1466,10>
<-25,1719,1861,10>
<-15,941,1052,10>
<-16,0,2455,10>
<-4,0,2462,10>
<-23,0,2498,10>
<-32,0,2456,10>
<-21,0,2451,10>
<-15,1615,1714,10>
<-35,406,520,10>
<-13,1973,2130,10>
<-10,476,581,10>
<-20,0,2458,10>
<-18,0,2507,10>
<-16,2014,2124,10>
<-25,1095,1226,10>
<-4,0,2474,10>
<-24,0,2475,10>
<-23,0,2485,10>
<-20,381,504,10>
<-20,1419,1514,10>
<-18,0,2491,10>
<-16,1204,1270,10>
<-19,0,2461,10>
<-12,0,2467,10>
<-5,1124,1246,10>
<-27,0,2452,10>
<-3,0,2450,10>
<-18,0,2510,10>
<-3,401,479,10>
<-30,0,2460,10>
<-19,0,2499,10>
<-18,793,863,10>
<-9,732,823,10>
<-25,0,2453,10>
<-31,1096,1221,10>
<-18,0,2456,10>
<-9,1133,1274,10>
<-20,0,2508,10>
<-17,1490,1637,10>
<-41,0,2486,10>
<-4,0,2489,10>
<-16,1254,1429,10>
<-27,720,755,10>
<-10,0,2457,10>
<-4,1552,1667,10>
<-32,0,2457,10>
<-24,0,2476,10>
<-16,1975,2081,10>
<-24,0,2462,10>
<-28,1531,1717,10>
<-12,0,2466,10>
<-9,0,2477,10>
<-17,1797,1905,10>
<0,0,2535,0>
];
X = [70,30,29,69,137,103,78,121,79,78,95,64,120,10,140,121,42,44,41,106,81,120,113,82,10,90,89,13,84,69,59,105,104,54,32,99,39,48,104,103,73,44,71,56,34,120,63,33,102,13,34,114,12,139,116,110,16,61,123,93,65,120,2,85,113,138,116,110,66,50,23,4,92,116,112,49,120,60,115,139,82,113,97,136,129,58,65,55,137,79,12,66,97,55,70,4,66,5,137,138,137,81,61,9,70,132,98,109,16,64,89,90,19,107,15,117,8,33,28,44,60,67,120,92,103,29,104,86,83,58,40,36,88,100,15,69,99,18,60,137,107,103,44,140,37,36,80,56,133,104,17,38,115,30,58,139,26,8,15,101,119,46,86,27,20,117,20,35,108,23,37,54,37,22,54,126,37,85,32,135,47,125,116,109,12,139,46,54,39,109,103,50,137,138,26,64,27,67,36,18,83,107,51,70];
Y = [70,57,60,116,137,119,111,123,72,63,135,132,14,86,42,124,29,58,36,10,57,52,32,103,111,44,24,48,88,115,115,2,54,33,52,34,100,47,73,44,96,116,70,139,72,22,129,117,52,129,20,109,48,72,22,99,62,57,84,61,0,60,106,111,45,105,105,28,40,112,19,71,138,13,13,140,47,54,82,110,100,35,115,123,24,11,80,127,84,80,84,82,12,102,94,44,91,99,127,24,96,36,34,19,83,133,4,139,92,115,39,14,120,25,9,4,138,0,62,36,84,120,102,22,82,94,32,40,38,80,113,54,29,99,18,6,34,104,23,7,77,77,116,36,73,38,103,129,130,139,138,122,124,21,95,68,130,87,4,0,73,133,80,104,106,92,69,90,30,39,79,106,125,104,41,23,138,75,6,65,83,68,83,131,138,73,112,78,13,78,86,106,101,78,50,138,46,96,124,70,12,102,92,70];
membership = [1,1,1,1,1,1,1,1,1,1,1,1,1,1,1,1,1,1,1,1,1,1,1,1,1,1,1,1,1,1,1,1,1,1,1,1,1,1,1,1,1,1,1,1,1,1,1,1,1,1,1,1,1,1,1,1,1,1,1,1,1,1,1,1,1,1,1,1,1,1,1,1,1,1,1,1,1,1,1,1,1,1,1,1,1,1,1,1,1,1,1,1,1,1,1,1,1,1,1,1,1,1,1,1,1,1,1,1,1,1,1,1,1,1,1,1,1,1,1,1,1,1,1,1,1,1,1,1,1,1,1,1,1,1,1,1,1,1,1,1,1,1,1,1,1,1,1,1,1,1,1,1,1,1,1,1,1,1,1,1,1,1,1,1,1,1,1,1,1,1,1,1,1,1,1,1,1,1,1,1,1,1,1,1,1,1,1,1,1,1,1,1,1,1,1,1,1,1,1,1,1,1,1,1];
alpha = 1.0;
beta = 1.0;
