N = 100;
K = 50;
capacity = [1000,1000,1000,1000,1000,1000,1000,1000,1000,1000,1000,1000,1000,1000,1000,1000,1000,1000,1000,1000,1000,1000,1000,1000,1000,1000,1000,1000,1000,1000,1000,1000,1000,1000,1000,1000,1000,1000,1000,1000,1000,1000,1000,1000,1000,1000,1000,1000,1000,1000];
nodeInfo = [
<0,0,2535,0>
<20,861,1101,10>
<14,49,289,10>
<26,1317,1557,10>
<27,339,579,10>
<22,47,287,10>
<8,1670,1910,10>
<9,968,1208,10>
<11,865,1105,10>
<40,563,803,10>
<25,1221,1461,10>
<22,0,2516,10>
<18,479,719,10>
<17,1545,1785,10>
<19,10,250,10>
<27,1542,1782,10>
<5,0,2491,10>
<13,0,2438,10>
<20,1443,1683,10>
<14,0,2463,10>
<13,342,582,10>
<21,539,779,10>
<12,180,420,10>
<30,28,268,10>
<13,146,386,10>
<12,0,2477,10>
<24,499,739,10>
<8,17,257,10>
<20,1437,1677,10>
<15,0,2490,10>
<6,149,389,10>
<10,288,528,10>
<22,0,2491,10>
<20,0,2480,10>
<26,1195,1435,10>
<1,0,2449,10>
<13,150,390,10>
<9,243,483,10>
<37,0,2510,10>
<17,1102,1342,10>
<1,1211,1451,10>
<25,253,493,10>
<33,0,2481,10>
<19,31,271,10>
<17,0,2491,10>
<12,48,288,10>
<9,604,844,10>
<29,861,1101,10>
<21,0,2489,10>
<39,396,636,10>
<7,765,1005,10>
<20,316,556,10>
<15,542,782,10>
<16,249,489,10>
<21,1438,1678,10>
<4,172,412,10>
<23,1288,1528,10>
<21,891,1131,10>
<35,0,2476,10>
<15,1524,1764,10>
<10,0,2501,10>
<20,237,477,10>
<25,1072,1312,10>
<20,1010,1250,10>
<25,952,1192,10>
<4,0,2476,10>
<20,0,2467,10>
<14,1038,1278,10>
<20,30,270,10>
<19,582,822,10>
<8,272,512,10>
<5,173,413,10>
<27,0,2455,10>
<34,875,1115,10>
<3,0,2507,10>
<18,357,597,10>
<9,142,382,10>
<25,1413,1653,10>
<21,0,2465,10>
<20,11,251,10>
<17,0,2467,10>
<41,358,598,10>
<4,0,2512,10>
<27,0,2513,10>
<10,765,1005,10>
<23,343,583,10>
<43,749,989,10>
<1,0,2478,10>
<32,0,2501,10>
<15,408,648,10>
<27,0,2490,10>
<5,0,2479,10>
<20,708,948,10>
<9,131,371,10>
<18,326,566,10>
<12,658,898,10>
<19,971,1211,10>
<9,167,407,10>
<10,1105,1345,10>
<17,190,430,10>
<30,658,898,10>
<-20,1375,1615,10>
<-14,323,563,10>
<-26,1846,2086,10>
<-27,0,2498,10>
<-22,735,975,10>
<-8,0,2482,10>
<-9,1949,2189,10>
<-11,0,2492,10>
<-40,1287,1527,10>
<-25,1428,1668,10>
<-22,100,340,10>
<-18,1581,1821,10>
<-17,1622,1862,10>
<-19,876,1116,10>
<-27,1908,2148,10>
<-5,1084,1324,10>
<-13,0,2450,10>
<-20,1830,2070,10>
<-14,1041,1281,10>
<-13,617,857,10>
<-21,0,2504,10>
<-12,700,940,10>
<-30,155,395,10>
<-13,448,688,10>
<-12,1214,1454,10>
<-24,0,2512,10>
<-8,1731,1971,10>
<-20,0,2454,10>
<-15,242,482,10>
<-6,0,2489,10>
<-10,1151,1391,10>
<-22,36,276,10>
<-20,1606,1846,10>
<-26,1554,1794,10>
<-1,1932,2172,10>
<-13,0,2438,10>
<-9,1179,1419,10>
<-37,2139,2379,10>
<-17,0,2455,10>
<-1,1614,1854,10>
<-25,845,1085,10>
<-33,1861,2101,10>
<-19,41,281,10>
<-17,1136,1376,10>
<-12,1282,1522,10>
<-9,1452,1692,10>
<-29,1490,1730,10>
<-21,1065,1305,10>
<-39,1487,1727,10>
<-7,876,1116,10>
<-20,724,964,10>
<-15,1117,1357,10>
<-16,392,632,10>
<-21,1796,2036,10>
<-4,0,2448,10>
<-23,0,2454,10>
<-21,0,2454,10>
<-35,1431,1671,10>
<-15,1723,1963,10>
<-10,867,1107,10>
<-20,320,560,10>
<-25,1010,1250,10>
<-20,1602,1842,10>
<-25,1866,2106,10>
<-4,156,396,10>
<-20,491,731,10>
<-14,1504,1744,10>
<-20,0,2452,10>
<-19,626,866,10>
<-8,1035,1275,10>
<-5,1345,1585,10>
<-27,1135,1375,10>
<-34,0,2461,10>
<-3,1870,2110,10>
<-18,170,410,10>
<-9,516,756,10>
<-25,0,2457,10>
<-21,0,2467,10>
<-20,480,720,10>
<-17,1198,1438,10>
<-41,0,2468,10>
<-4,0,2473,10>
<-27,0,2473,10>
<-10,1428,1668,10>
<-23,706,946,10>
<-43,1347,1587,10>
<-1,1365,1605,10>
<-32,0,2462,10>
<-15,1280,1520,10>
<-27,1295,1535,10>
<-5,544,784,10>
<-20,974,1214,10>
<-9,1439,1679,10>
<-18,0,2488,10>
<-12,1540,1780,10>
<-19,1276,1516,10>
<-9,1911,2151,10>
<-10,1778,2018,10>
<-17,0,2454,10>
<-30,1144,1384,10>
<0,0,2535,0>
];
X = [70,30,29,69,137,78,17,121,22,137,50,79,104,8,78,95,37,133,39,10,140,121,42,44,41,107,132,81,120,82,90,139,86,69,59,105,104,99,85,103,47,139,88,48,104,103,73,83,34,120,63,33,34,114,86,12,139,109,27,16,93,65,117,26,85,113,110,12,66,4,69,116,112,36,60,82,113,97,56,65,55,137,79,66,97,15,138,29,70,119,103,36,125,44,120,138,103,137,8,81,116,67,108,83,58,12,39,27,37,18,80,120,15,13,38,67,46,37,61,20,137,66,92,60,58,136,70,51,98,46,102,110,89,123,138,101,137,56,54,115,117,109,71,54,100,104,20,26,54,2,49,28,54,109,90,140,92,19,9,35,50,32,115,4,60,120,116,18,126,23,107,13,106,37,33,64,113,64,16,64,55,116,44,40,36,139,23,84,30,129,135,32,120,61,107,15,103,10,58,5,89,70];
Y = [70,57,60,116,137,111,138,123,104,7,106,72,32,87,63,135,79,130,13,86,42,124,29,58,36,102,133,57,52,103,44,73,40,115,115,2,54,34,75,77,83,68,29,47,73,44,96,12,72,22,129,117,20,109,80,48,72,78,46,62,61,0,92,130,111,45,28,138,40,71,6,13,13,124,54,100,35,115,129,80,127,84,80,82,12,4,78,94,94,73,82,38,68,36,102,24,86,96,138,36,83,120,30,38,95,84,100,104,73,104,103,47,9,48,122,96,112,138,34,106,101,91,22,23,11,123,83,92,4,133,52,99,39,84,105,0,127,139,78,124,4,131,70,33,99,139,69,50,41,106,140,62,106,139,14,36,138,120,19,90,112,6,82,44,84,60,22,70,23,19,25,129,10,125,0,132,32,138,92,115,102,105,116,113,54,110,39,88,21,24,65,52,14,57,77,18,119,111,80,99,24,70];
membership = [1,1,1,1,1,1,1,1,1,1,1,1,1,1,1,1,1,1,1,1,1,1,1,1,1,1,1,1,1,1,1,1,1,1,1,1,1,1,1,1,1,1,1,1,1,1,1,1,1,1,1,1,1,1,1,1,1,1,1,1,1,1,1,1,1,1,1,1,1,1,1,1,1,1,1,1,1,1,1,1,1,1,1,1,1,1,1,1,1,1,1,1,1,1,1,1,1,1,1,1,1,1,1,1,1,1,1,1,1,1,1,1,1,1,1,1,1,1,1,1,1,1,1,1,1,1,1,1,1,1,1,1,1,1,1,1,1,1,1,1,1,1,1,1,1,1,1,1,1,1,1,1,1,1,1,1,1,1,1,1,1,1,1,1,1,1,1,1,1,1,1,1,1,1,1,1,1,1,1,1,1,1,1,1,1,1,1,1,1,1,1,1,1,1,1,1,1,1,1,1,1,1];
alpha = 1.0;
beta = 1.0;
