N = 105;
K = 50;
capacity = [200,200,200,200,200,200,200,200,200,200,200,200,200,200,200,200,200,200,200,200,200,200,200,200,200,200,200,200,200,200,200,200,200,200,200,200,200,200,200,200,200,200,200,200,200,200,200,200,200,200];
nodeInfo = [
<0,0,634,0>
<14,351,501,0>
<15,336,486,10>
<22,9,159,10>
<20,62,212,10>
<10,18,168,10>
<20,39,189,10>
<20,23,173,10>
<10,42,192,10>
<30,51,201,10>
<2,350,500,10>
<20,66,216,10>
<10,95,245,10>
<20,132,282,10>
<10,75,225,10>
<6,32,182,10>
<10,14,164,10>
<10,68,218,10>
<35,425,575,0>
<9,71,221,10>
<13,318,468,0>
<10,35,185,10>
<10,70,220,10>
<20,37,187,10>
<20,30,180,10>
<20,35,185,10>
<10,21,171,10>
<12,109,259,10>
<32,24,174,10>
<20,67,217,10>
<10,112,262,10>
<17,341,491,10>
<20,62,212,10>
<9,42,192,10>
<8,79,229,10>
<40,52,202,10>
<10,61,211,10>
<34,174,324,10>
<30,75,225,10>
<19,131,281,10>
<21,402,552,0>
<10,84,234,10>
<10,34,184,10>
<16,296,446,0>
<27,52,202,10>
<18,44,194,10>
<29,170,320,10>
<37,15,165,10>
<10,82,232,10>
<1,164,314,10>
<30,82,232,10>
<10,43,193,10>
<10,82,232,10>
<20,57,207,10>
<17,239,389,10>
<18,130,280,10>
<21,90,240,10>
<10,87,237,10>
<18,250,400,10>
<13,239,389,10>
<10,45,195,10>
<5,378,528,0>
<10,117,267,0>
<4,239,389,0>
<20,55,205,10>
<30,119,269,10>
<20,22,172,10>
<20,42,192,10>
<20,125,275,10>
<20,55,205,10>
<10,89,239,10>
<16,21,171,10>
<19,10,160,10>
<30,43,193,10>
<20,199,349,10>
<10,43,193,10>
<13,44,194,10>
<20,89,239,10>
<12,42,192,10>
<10,15,165,10>
<8,62,212,10>
<11,351,501,0>
<20,80,230,10>
<30,59,209,10>
<19,31,181,10>
<20,14,164,10>
<30,82,232,10>
<10,65,215,10>
<9,55,205,10>
<20,84,234,10>
<13,37,187,10>
<20,48,198,10>
<20,55,205,10>
<10,46,196,10>
<20,72,222,10>
<20,49,199,10>
<20,77,227,10>
<30,33,183,10>
<30,51,201,0>
<20,76,226,10>
<10,57,207,10>
<10,340,490,10>
<34,37,187,10>
<10,59,209,10>
<40,56,206,10>
<16,48,198,10>
<-14,351,501,10>
<-15,331,481,10>
<-22,39,189,10>
<-20,62,212,10>
<-10,214,364,10>
<-20,41,191,10>
<-20,36,186,10>
<-10,314,464,10>
<-30,146,296,10>
<-2,413,563,10>
<-20,101,251,10>
<-10,111,261,10>
<-20,203,353,10>
<-10,87,237,10>
<-6,41,191,10>
<-10,39,189,10>
<-10,104,254,10>
<-35,425,575,10>
<-9,115,265,10>
<-13,318,468,10>
<-10,43,193,10>
<-10,67,217,10>
<-20,55,205,10>
<-20,78,228,10>
<-20,36,186,10>
<-10,395,545,10>
<-12,66,216,10>
<-32,172,322,10>
<-20,101,251,10>
<-10,74,224,10>
<-17,438,588,10>
<-20,61,211,10>
<-9,78,228,10>
<-8,78,228,10>
<-40,64,214,10>
<-10,201,351,10>
<-34,260,410,10>
<-30,198,348,10>
<-19,70,220,10>
<-21,402,552,10>
<-10,316,466,10>
<-10,258,408,10>
<-16,296,446,10>
<-27,227,377,10>
<-18,32,182,10>
<-29,221,371,10>
<-37,243,393,10>
<-10,162,312,10>
<-1,398,548,10>
<-30,136,286,10>
<-10,46,196,10>
<-10,85,235,10>
<-20,66,216,10>
<-17,312,462,10>
<-18,430,580,10>
<-21,197,347,10>
<-10,99,249,10>
<-18,283,433,10>
<-13,404,554,10>
<-10,43,193,10>
<-5,378,528,10>
<-10,117,267,10>
<-4,239,389,10>
<-20,386,536,10>
<-30,223,373,10>
<-20,42,192,10>
<-20,116,266,10>
<-20,51,201,10>
<-20,49,199,10>
<-10,360,510,10>
<-16,231,381,10>
<-19,48,198,10>
<-30,82,232,10>
<-20,96,246,10>
<-10,142,292,10>
<-13,96,246,10>
<-20,299,449,10>
<-12,78,228,10>
<-10,51,201,10>
<-8,150,300,10>
<-11,351,501,10>
<-20,274,424,10>
<-30,41,191,10>
<-19,53,203,10>
<-20,441,591,10>
<-30,81,231,10>
<-10,93,243,10>
<-9,84,234,10>
<-20,94,244,10>
<-13,266,416,10>
<-20,312,462,10>
<-20,422,572,10>
<-10,65,215,10>
<-20,279,429,10>
<-20,241,391,10>
<-20,356,506,10>
<-30,75,225,10>
<-30,51,201,10>
<-20,62,212,10>
<-10,81,231,10>
<-10,262,412,10>
<-34,178,328,10>
<-10,292,442,10>
<-40,277,427,10>
<-16,79,229,10>
<0,0,634,0>
];
X = [70,10,16,79,16,61,85,61,112,99,15,19,90,125,127,90,63,94,58,137,20,86,126,86,66,87,63,137,70,122,35,8,16,44,109,99,34,36,102,139,10,4,57,84,44,82,83,85,120,105,119,95,1,31,100,92,121,34,56,106,110,36,116,113,28,116,59,112,35,84,20,66,78,92,120,113,41,64,103,67,64,115,122,107,48,62,0,118,113,119,104,59,21,100,109,97,1,103,103,61,94,15,107,17,26,60,10,18,109,17,107,87,86,86,97,61,22,91,126,125,93,88,118,58,118,20,91,123,108,6,89,33,121,50,121,32,34,18,19,115,69,19,50,103,127,10,39,47,84,56,84,54,110,133,101,137,99,15,21,80,88,121,36,37,112,113,36,116,113,35,117,84,140,28,97,13,8,98,90,137,138,4,16,116,96,37,115,103,111,21,66,4,119,113,137,103,36,60,119,135,89,4,140,103,57,121,30,109,23,18,2,70];
Y = [70,86,62,72,39,54,106,48,67,28,9,37,101,68,108,44,57,104,95,96,69,102,112,36,40,39,50,101,94,113,102,87,38,36,139,26,108,124,60,110,111,28,53,88,116,100,12,75,136,2,136,35,24,112,99,22,124,104,139,10,66,38,132,45,107,83,52,71,99,39,39,91,63,107,14,71,36,61,44,55,132,124,131,63,47,58,27,114,35,139,54,56,44,106,131,28,34,69,34,59,105,18,77,43,105,23,86,70,71,37,25,108,37,80,12,34,38,95,23,108,36,35,131,95,108,69,108,112,30,25,39,0,112,112,110,106,72,38,39,134,6,120,106,86,112,111,13,83,88,129,99,41,99,130,0,127,34,4,115,103,29,123,105,125,13,69,38,132,45,90,92,36,36,99,29,48,138,31,104,7,78,30,92,22,26,138,124,119,66,48,82,23,130,32,137,82,54,84,114,65,24,44,42,34,59,134,21,78,39,104,28,70];
membership = [1,1,1,1,1,1,1,1,1,1,1,1,1,1,1,1,1,1,1,1,1,1,1,1,1,1,1,1,1,1,1,1,1,1,1,1,1,1,1,1,1,1,1,1,1,1,1,1,1,1,1,1,1,1,1,1,1,1,1,1,1,1,1,1,1,1,1,1,1,1,1,1,1,1,1,1,1,1,1,1,1,1,1,1,1,1,1,1,1,1,1,1,1,1,1,1,1,1,1,1,1,1,1,1,1,1,1,1,1,1,1,1,1,1,1,1,1,1,1,1,1,1,1,1,1,1,1,1,1,1,1,1,1,1,1,1,1,1,1,1,1,1,1,1,1,1,1,1,1,1,1,1,1,1,1,1,1,1,1,1,1,1,1,1,1,1,1,1,1,1,1,1,1,1,1,1,1,1,1,1,1,1,1,1,1,1,1,1,1,1,1,1,1,1,1,1,1,1,1,1,1,1,1,1,1,1,1,1,1,1,1,1];
alpha = 1.0;
beta = 1.0;
