N = 106;
K = 50;
capacity = [200,200,200,200,200,200,200,200,200,200,200,200,200,200,200,200,200,200,200,200,200,200,200,200,200,200,200,200,200,200,200,200,200,200,200,200,200,200,200,200,200,200,200,200,200,200,200,200,200,200];
nodeInfo = [
<0,0,634,0>
<14,411,441,10>
<22,9,39,10>
<20,81,111,10>
<10,40,70,10>
<10,57,87,10>
<10,359,389,10>
<20,45,75,10>
<10,130,160,0>
<20,68,98,10>
<30,49,79,10>
<10,83,113,10>
<20,126,156,10>
<6,52,82,10>
<10,117,147,10>
<36,144,174,10>
<10,15,45,0>
<9,71,101,10>
<20,121,151,0>
<10,79,109,10>
<10,35,65,10>
<10,110,140,10>
<20,70,100,10>
<10,53,83,10>
<20,79,109,10>
<20,74,104,10>
<20,30,60,10>
<20,35,65,10>
<9,257,287,10>
<32,24,54,10>
<25,283,313,10>
<20,85,115,10>
<10,72,102,10>
<13,101,131,10>
<20,92,122,10>
<9,48,78,10>
<15,372,402,0>
<40,70,100,10>
<10,121,151,10>
<30,135,165,10>
<12,322,352,10>
<26,391,421,10>
<9,281,311,0>
<9,498,528,0>
<10,51,81,10>
<10,175,205,10>
<18,232,262,10>
<27,53,83,10>
<13,263,293,0>
<37,15,45,10>
<10,115,145,10>
<15,372,402,10>
<20,94,124,10>
<30,104,134,10>
<20,32,62,10>
<28,196,226,10>
<20,106,136,10>
<18,190,220,10>
<40,156,186,10>
<18,310,340,10>
<13,299,329,10>
<21,287,317,0>
<10,291,321,0>
<20,66,96,10>
<10,177,207,10>
<4,299,329,0>
<20,65,95,10>
<30,78,108,10>
<10,122,152,10>
<23,36,66,10>
<20,82,112,10>
<16,261,291,10>
<20,142,172,10>
<16,21,51,10>
<19,10,40,10>
<30,83,113,10>
<5,210,240,10>
<10,58,88,10>
<13,51,81,10>
<20,127,157,10>
<10,15,45,10>
<20,41,71,10>
<30,119,149,10>
<19,31,61,10>
<20,26,56,10>
<30,91,121,10>
<10,65,95,10>
<9,55,85,10>
<20,91,121,10>
<13,53,83,10>
<20,55,85,10>
<10,101,131,10>
<10,134,164,10>
<20,72,102,10>
<15,301,331,10>
<10,90,120,10>
<20,77,107,10>
<30,33,63,10>
<20,95,125,10>
<20,161,191,10>
<20,164,194,0>
<18,96,126,10>
<19,258,288,0>
<34,37,67,10>
<10,67,97,10>
<40,56,86,10>
<16,54,84,10>
<-14,401,431,10>
<-22,39,69,10>
<-20,101,131,10>
<-10,149,179,10>
<-10,274,304,10>
<-10,493,523,10>
<-20,58,88,10>
<-10,130,160,10>
<-20,108,138,10>
<-30,49,79,10>
<-10,202,232,10>
<-20,138,168,10>
<-6,115,145,10>
<-10,416,446,10>
<-36,138,168,10>
<-10,15,45,10>
<-9,191,221,10>
<-20,121,151,10>
<-10,104,134,10>
<-10,113,143,10>
<-10,135,165,10>
<-20,192,222,10>
<-10,420,450,10>
<-20,376,406,10>
<-20,147,177,10>
<-20,549,579,10>
<-20,82,112,10>
<-9,334,364,10>
<-32,104,134,10>
<-25,374,404,10>
<-20,97,127,10>
<-10,356,386,10>
<-13,259,289,10>
<-20,115,145,10>
<-9,473,503,10>
<-15,372,402,10>
<-40,111,141,10>
<-10,185,215,10>
<-30,238,268,10>
<-12,446,476,10>
<-26,482,512,10>
<-9,281,311,10>
<-9,498,528,10>
<-10,147,177,10>
<-10,299,329,10>
<-18,485,515,10>
<-27,62,92,10>
<-13,263,293,10>
<-37,169,199,10>
<-10,161,191,10>
<-15,378,408,10>
<-20,179,209,10>
<-30,303,333,10>
<-20,128,158,10>
<-28,222,252,10>
<-20,318,348,10>
<-18,482,512,10>
<-40,550,580,10>
<-18,501,531,10>
<-13,524,554,10>
<-21,287,317,10>
<-10,291,321,10>
<-20,102,132,10>
<-10,320,350,10>
<-4,299,329,10>
<-20,159,189,10>
<-30,153,183,10>
<-10,136,166,10>
<-23,76,106,10>
<-20,94,124,10>
<-16,337,367,10>
<-20,171,201,10>
<-16,343,373,10>
<-19,42,72,10>
<-30,155,185,10>
<-5,234,264,10>
<-10,339,369,10>
<-13,149,179,10>
<-20,140,170,10>
<-10,83,113,10>
<-20,49,79,10>
<-30,326,356,10>
<-19,103,133,10>
<-20,55,85,10>
<-30,144,174,10>
<-10,65,95,10>
<-9,176,206,10>
<-20,100,130,10>
<-13,105,135,10>
<-20,352,382,10>
<-10,117,147,10>
<-10,172,202,10>
<-20,150,180,10>
<-15,400,430,10>
<-10,410,440,10>
<-20,156,186,10>
<-30,47,77,10>
<-20,206,236,10>
<-20,438,468,10>
<-20,164,194,10>
<-18,224,254,10>
<-19,258,288,10>
<-34,411,441,10>
<-10,396,426,10>
<-40,86,116,10>
<-16,230,260,10>
<0,0,634,0>
];
X = [70,10,79,16,61,96,16,85,6,61,97,112,19,90,4,113,63,137,127,2,86,126,113,21,86,121,66,87,121,70,117,122,91,140,16,44,80,99,34,102,30,18,54,101,28,118,50,44,126,85,120,36,111,119,84,137,31,92,137,56,106,56,8,88,116,113,28,115,57,89,59,19,90,66,78,92,37,113,41,121,67,93,107,48,62,0,118,113,119,104,21,100,32,109,89,86,1,103,98,22,118,108,103,107,17,26,60,8,109,15,64,107,10,87,6,59,97,138,19,84,4,116,63,139,127,1,109,127,125,13,39,125,34,99,103,82,86,123,84,120,18,61,80,103,35,109,35,60,54,101,34,100,58,64,126,137,121,20,116,110,94,133,47,33,88,66,112,56,8,84,50,113,36,119,61,99,57,18,91,37,103,90,36,135,20,122,69,95,103,17,63,4,119,140,137,110,23,94,35,121,15,15,4,112,97,36,118,105,103,115,16,21,83,70];
Y = [70,86,72,39,54,26,92,106,25,48,29,67,37,44,23,32,57,96,112,28,102,112,69,48,36,112,40,39,123,94,92,113,108,42,38,36,103,26,108,60,21,70,41,0,99,108,112,116,23,75,136,54,66,136,99,127,112,22,7,139,10,129,138,35,132,45,107,134,59,39,52,120,104,91,63,107,138,71,36,134,55,36,63,47,58,27,114,35,139,54,44,106,106,131,24,37,34,69,31,38,131,30,86,77,43,105,23,87,71,4,61,25,111,108,25,56,28,78,39,39,44,22,57,110,112,24,139,108,68,48,13,108,72,28,119,100,80,112,88,14,38,34,103,34,99,78,90,84,41,0,104,99,95,132,23,101,110,69,83,99,104,130,83,0,29,82,13,129,138,36,106,45,105,130,59,34,53,104,95,125,44,101,124,65,39,131,6,35,82,37,50,28,114,36,137,66,39,105,102,124,18,9,30,71,12,38,131,2,86,124,62,115,12,70];
membership = [1,1,1,1,1,1,1,1,1,1,1,1,1,1,1,1,1,1,1,1,1,1,1,1,1,1,1,1,1,1,1,1,1,1,1,1,1,1,1,1,1,1,1,1,1,1,1,1,1,1,1,1,1,1,1,1,1,1,1,1,1,1,1,1,1,1,1,1,1,1,1,1,1,1,1,1,1,1,1,1,1,1,1,1,1,1,1,1,1,1,1,1,1,1,1,1,1,1,1,1,1,1,1,1,1,1,1,1,1,1,1,1,1,1,1,1,1,1,1,1,1,1,1,1,1,1,1,1,1,1,1,1,1,1,1,1,1,1,1,1,1,1,1,1,1,1,1,1,1,1,1,1,1,1,1,1,1,1,1,1,1,1,1,1,1,1,1,1,1,1,1,1,1,1,1,1,1,1,1,1,1,1,1,1,1,1,1,1,1,1,1,1,1,1,1,1,1,1,1,1,1,1,1,1,1,1,1,1,1,1,1,1,1,1];
alpha = 1.0;
beta = 1.0;
