N = 101;
K = 50;
capacity = [1000,1000,1000,1000,1000,1000,1000,1000,1000,1000,1000,1000,1000,1000,1000,1000,1000,1000,1000,1000,1000,1000,1000,1000,1000,1000,1000,1000,1000,1000,1000,1000,1000,1000,1000,1000,1000,1000,1000,1000,1000,1000,1000,1000,1000,1000,1000,1000,1000,1000];
nodeInfo = [
<0,0,2535,0>
<22,9,249,10>
<20,264,504,10>
<10,101,341,10>
<10,169,409,10>
<20,120,360,10>
<20,171,411,10>
<20,210,450,10>
<30,76,316,10>
<25,1221,1461,10>
<30,269,509,10>
<6,149,389,10>
<30,353,593,10>
<10,14,254,10>
<9,167,407,10>
<13,1452,1692,10>
<10,256,496,10>
<10,63,303,10>
<10,379,619,10>
<21,891,1131,10>
<10,95,335,10>
<20,254,494,10>
<20,30,270,10>
<20,35,275,10>
<10,159,399,10>
<12,617,857,10>
<27,339,579,10>
<32,24,264,10>
<20,281,521,10>
<20,77,317,10>
<10,629,869,10>
<20,308,548,10>
<8,392,632,10>
<12,1230,1470,10>
<19,706,946,10>
<21,1911,2151,10>
<10,516,756,10>
<9,1065,1305,10>
<10,84,324,10>
<20,184,424,10>
<18,867,1107,10>
<27,152,392,10>
<18,357,597,10>
<13,994,1234,10>
<37,15,255,10>
<15,1428,1668,10>
<20,316,556,10>
<20,32,272,10>
<10,137,377,10>
<8,272,512,10>
<10,357,597,10>
<20,365,605,10>
<43,749,989,10>
<17,1136,1376,10>
<20,327,567,10>
<18,700,940,10>
<21,539,779,10>
<13,1135,1375,10>
<10,360,600,0>
<40,564,804,10>
<10,1105,1345,10>
<20,205,445,10>
<20,201,441,10>
<30,236,476,10>
<30,658,898,10>
<10,426,666,10>
<23,36,276,10>
<20,129,369,10>
<20,399,639,10>
<10,537,777,10>
<20,509,749,10>
<19,10,250,10>
<20,974,1214,10>
<20,1870,2110,10>
<10,173,413,10>
<27,2040,2280,10>
<13,146,386,10>
<20,447,687,10>
<12,48,288,10>
<10,15,255,10>
<8,170,410,10>
<11,1584,1824,10>
<30,399,639,10>
<20,45,285,10>
<10,140,380,10>
<13,150,390,10>
<20,151,391,10>
<10,345,585,10>
<10,476,716,10>
<20,170,410,10>
<20,120,360,10>
<30,33,273,10>
<10,409,649,10>
<18,323,563,10>
<20,577,817,0>
<19,971,1211,10>
<34,37,277,10>
<9,243,483,10>
<10,207,447,10>
<1,642,882,10>
<40,149,389,10>
<16,155,395,10>
<-22,423,663,10>
<-20,343,583,10>
<-10,445,685,10>
<-10,88,328,10>
<-20,283,523,10>
<-20,273,513,10>
<-20,417,657,10>
<-30,516,756,10>
<-25,1723,1963,10>
<-30,491,731,10>
<-6,765,1005,10>
<-30,561,801,10>
<-10,31,271,10>
<-9,1276,1516,10>
<-13,1545,1785,10>
<-10,461,701,10>
<-10,21,261,10>
<-10,552,792,10>
<-21,708,948,10>
<-10,305,545,10>
<-20,298,538,10>
<-20,270,510,10>
<-20,142,382,10>
<-10,317,557,10>
<-12,598,838,10>
<-27,479,719,10>
<-32,227,467,10>
<-20,398,638,10>
<-20,639,879,10>
<-10,1179,1419,10>
<-20,537,777,10>
<-8,500,740,10>
<-12,1347,1587,10>
<-19,829,1069,10>
<-21,2134,2374,10>
<-10,1151,1391,10>
<-9,1443,1683,10>
<-10,1211,1451,10>
<-20,302,542,10>
<-18,1524,1764,10>
<-27,1086,1326,10>
<-18,875,1115,10>
<-13,1144,1384,10>
<-37,354,594,10>
<-15,1375,1615,10>
<-20,1136,1376,10>
<-20,1287,1527,10>
<-10,385,625,10>
<-8,1295,1535,10>
<-10,493,733,10>
<-20,1582,1822,10>
<-43,1932,2172,10>
<-17,1365,1605,10>
<-20,968,1208,10>
<-18,1602,1842,10>
<-21,1866,2106,10>
<-13,1035,1275,10>
<-10,360,600,10>
<-40,586,826,10>
<-10,1314,1554,10>
<-20,835,1075,10>
<-20,453,693,10>
<-30,647,887,10>
<-30,1245,1485,10>
<-10,480,720,10>
<-23,322,562,10>
<-20,221,461,10>
<-20,563,803,10>
<-10,482,722,10>
<-20,779,1019,10>
<-19,347,587,10>
<-20,1622,1862,10>
<-20,1830,2070,10>
<-10,1880,2120,10>
<-27,2195,2435,10>
<-13,626,866,10>
<-20,1944,2184,10>
<-12,221,461,10>
<-10,268,508,10>
<-8,425,665,10>
<-11,1428,1668,10>
<-30,1072,1312,10>
<-20,131,371,10>
<-10,527,767,10>
<-13,861,1101,10>
<-20,191,431,10>
<-10,528,768,10>
<-10,681,921,10>
<-20,722,962,10>
<-20,342,582,10>
<-30,236,476,10>
<-10,985,1225,10>
<-18,1691,1931,10>
<-20,577,817,10>
<-19,1438,1678,10>
<-34,585,825,10>
<-9,1581,1821,10>
<-10,410,650,10>
<-1,1540,1780,10>
<-40,1504,1744,10>
<-16,372,612,10>
<0,0,2535,0>
];
X = [70,79,16,61,96,85,87,61,97,50,99,90,17,63,137,20,2,86,126,109,21,86,66,87,63,137,137,70,122,109,35,16,109,30,139,10,4,54,28,119,50,44,82,126,85,36,111,84,95,69,1,31,138,100,123,92,121,106,110,4,8,88,28,115,116,57,89,112,84,20,90,78,120,33,113,112,41,121,103,67,64,115,18,62,118,104,21,100,32,109,97,103,94,108,36,103,107,99,17,140,26,60,127,15,19,93,21,92,107,113,35,116,97,90,48,103,8,6,66,119,125,0,86,112,113,57,118,127,91,120,118,56,64,122,23,133,34,110,39,47,119,16,56,36,89,119,16,113,18,103,135,19,10,101,84,121,4,60,107,110,22,37,105,94,116,103,102,98,113,137,61,37,84,13,61,58,88,91,66,99,59,34,80,117,44,125,83,1,34,35,137,140,121,19,36,36,86,121,15,4,15,18,59,70];
Y = [70,72,39,54,26,106,108,48,29,106,28,44,37,57,96,69,28,102,112,78,48,36,40,39,50,101,137,94,113,71,102,38,139,21,110,111,28,41,99,114,112,116,100,23,75,54,66,99,35,6,24,112,78,99,112,22,124,10,66,30,138,35,107,134,83,59,39,71,39,39,104,63,14,0,71,13,36,134,44,55,132,124,38,58,114,54,44,106,106,131,28,69,105,30,105,86,77,34,43,36,105,23,112,4,37,36,115,107,63,32,90,22,12,101,47,119,87,25,91,130,68,27,37,67,35,53,131,108,108,136,108,139,61,131,39,130,72,99,13,83,139,62,129,124,24,136,92,45,104,34,65,39,86,0,88,123,44,84,25,66,38,125,2,104,132,82,60,31,69,7,59,138,36,48,34,95,29,95,82,26,52,108,103,92,36,108,12,34,104,99,127,42,112,120,38,105,80,110,9,23,18,70,56,70];
membership = [1,1,1,1,1,1,1,1,1,1,1,1,1,1,1,1,1,1,1,1,1,1,1,1,1,1,1,1,1,1,1,1,1,1,1,1,1,1,1,1,1,1,1,1,1,1,1,1,1,1,1,1,1,1,1,1,1,1,1,1,1,1,1,1,1,1,1,1,1,1,1,1,1,1,1,1,1,1,1,1,1,1,1,1,1,1,1,1,1,1,1,1,1,1,1,1,1,1,1,1,1,1,1,1,1,1,1,1,1,1,1,1,1,1,1,1,1,1,1,1,1,1,1,1,1,1,1,1,1,1,1,1,1,1,1,1,1,1,1,1,1,1,1,1,1,1,1,1,1,1,1,1,1,1,1,1,1,1,1,1,1,1,1,1,1,1,1,1,1,1,1,1,1,1,1,1,1,1,1,1,1,1,1,1,1,1,1,1,1,1,1,1,1,1,1,1,1,1,1,1,1,1,1,1];
alpha = 1.0;
beta = 1.0;
