N = 101;
K = 50;
capacity = [1000,1000,1000,1000,1000,1000,1000,1000,1000,1000,1000,1000,1000,1000,1000,1000,1000,1000,1000,1000,1000,1000,1000,1000,1000,1000,1000,1000,1000,1000,1000,1000,1000,1000,1000,1000,1000,1000,1000,1000,1000,1000,1000,1000,1000,1000,1000,1000,1000,1000];
nodeInfo = [
<0,0,2535,0>
<22,9,489,10>
<20,144,624,10>
<10,18,498,10>
<10,51,531,10>
<10,1255,1735,10>
<20,39,519,10>
<10,1194,1674,10>
<18,1167,1647,10>
<20,90,570,10>
<30,49,529,10>
<30,149,629,10>
<20,325,805,10>
<10,359,839,10>
<6,32,512,10>
<36,396,876,10>
<10,14,494,10>
<9,71,551,10>
<20,303,783,10>
<10,259,739,10>
<20,134,614,10>
<10,373,853,10>
<20,30,510,10>
<10,39,519,10>
<32,371,851,10>
<12,497,977,10>
<27,219,699,10>
<32,24,504,10>
<20,161,641,10>
<20,39,519,10>
<10,509,989,10>
<10,107,587,10>
<13,222,702,10>
<9,42,522,10>
<8,272,752,10>
<10,305,785,10>
<3,1175,1655,0>
<34,755,1235,10>
<30,360,840,10>
<19,586,1066,10>
<20,65,545,10>
<18,747,1227,10>
<27,52,532,10>
<18,237,717,10>
<29,741,1221,10>
<37,15,495,10>
<20,1323,1803,10>
<1,715,1195,10>
<15,1308,1788,10>
<30,234,714,10>
<20,32,512,10>
<10,43,523,10>
<8,152,632,10>
<10,237,717,10>
<43,629,1109,10>
<40,443,923,10>
<30,465,945,10>
<21,966,1446,10>
<10,527,1007,10>
<4,1016,1496,10>
<20,81,561,10>
<30,538,1018,10>
<23,36,516,10>
<20,148,628,10>
<20,561,1041,10>
<20,279,759,10>
<16,865,1345,10>
<10,417,897,10>
<20,389,869,10>
<16,21,501,10>
<19,10,490,10>
<30,153,633,10>
<20,854,1334,10>
<20,1750,2230,0>
<13,44,524,10>
<20,417,897,10>
<20,327,807,10>
<10,15,495,10>
<20,41,521,10>
<11,1464,1944,10>
<30,279,759,10>
<30,297,777,10>
<19,31,511,10>
<30,185,665,10>
<23,223,703,10>
<20,252,732,10>
<10,225,705,10>
<1,1091,1571,10>
<10,356,836,10>
<20,72,552,10>
<15,1024,1504,10>
<20,49,529,10>
<10,178,658,10>
<20,77,557,10>
<20,202,682,10>
<10,289,769,10>
<20,478,958,10>
<20,457,937,10>
<34,37,517,10>
<10,87,567,10>
<40,56,536,10>
<16,48,528,10>
<-22,65,545,10>
<-20,952,1432,10>
<-10,136,616,10>
<-10,101,581,10>
<-10,1603,2083,10>
<-20,1332,1812,10>
<-10,1791,2271,10>
<-18,1425,1905,10>
<-20,197,677,10>
<-30,150,630,10>
<-30,85,565,10>
<-20,1812,2292,10>
<-10,1308,1788,10>
<-6,196,676,10>
<-36,42,522,10>
<-10,506,986,10>
<-9,709,1189,10>
<-20,116,596,10>
<-10,207,687,10>
<-20,874,1354,10>
<-10,1125,1605,10>
<-20,341,821,10>
<-10,396,876,10>
<-32,101,581,10>
<-12,1156,1636,10>
<-27,1245,1725,10>
<-32,51,531,10>
<-20,278,758,10>
<-20,53,533,10>
<-10,163,643,10>
<-10,1404,1884,10>
<-13,1015,1495,10>
<-9,233,713,10>
<-8,116,596,10>
<-10,985,1465,10>
<-3,1175,1655,10>
<-34,1482,1962,10>
<-30,645,1125,10>
<-19,419,899,10>
<-20,380,860,10>
<-18,1384,1864,10>
<-27,1746,2226,10>
<-18,408,888,10>
<-29,1420,1900,10>
<-37,33,513,10>
<-20,1710,2190,10>
<-1,1571,2051,10>
<-15,1760,2240,10>
<-30,182,662,10>
<-20,35,515,10>
<-10,37,517,10>
<-8,290,770,10>
<-10,188,668,10>
<-43,588,1068,10>
<-40,945,1425,10>
<-30,848,1328,10>
<-21,1101,1581,10>
<-10,432,912,10>
<-4,1920,2400,10>
<-20,1824,2304,10>
<-30,580,1060,10>
<-23,123,603,10>
<-20,441,921,10>
<-20,245,725,10>
<-20,35,515,10>
<-16,1502,1982,10>
<-10,771,1251,10>
<-20,1031,1511,10>
<-16,62,542,10>
<-19,227,707,10>
<-30,659,1139,10>
<-20,1461,1941,10>
<-20,1750,2230,10>
<-13,362,842,10>
<-20,851,1331,10>
<-20,519,999,10>
<-10,14,494,10>
<-20,55,535,10>
<-11,1318,1798,10>
<-30,915,1395,10>
<-30,522,1002,10>
<-19,2001,2481,10>
<-30,55,535,10>
<-23,466,946,10>
<-20,1016,1496,10>
<-10,51,531,10>
<-1,2009,2489,10>
<-10,1059,1539,10>
<-20,602,1082,10>
<-15,1110,1590,10>
<-20,265,745,10>
<-10,203,683,10>
<-20,53,533,10>
<-20,240,720,10>
<-10,333,813,10>
<-20,407,887,10>
<-20,1227,1707,10>
<-34,42,522,10>
<-10,306,786,10>
<-40,1462,1942,10>
<-16,444,924,10>
<0,0,2535,0>
];
X = [70,79,16,61,96,16,85,37,18,61,97,99,19,127,90,113,63,137,127,126,86,19,66,63,116,137,137,70,122,109,35,91,140,44,109,34,135,36,102,139,119,50,44,82,83,85,39,105,36,119,84,95,69,1,138,137,121,56,116,113,28,116,89,59,35,84,19,20,90,66,78,92,120,33,41,64,121,67,93,115,18,107,48,0,15,59,100,47,32,109,89,97,86,1,98,94,118,36,107,17,26,60,118,117,2,99,35,20,10,8,57,112,88,101,80,111,103,91,133,121,123,126,103,6,4,113,103,84,87,120,113,21,16,106,17,115,8,135,4,97,121,122,18,60,34,15,103,61,36,58,119,86,104,4,16,125,54,121,50,119,112,66,92,99,90,31,87,13,109,110,64,84,37,15,33,61,103,118,62,113,86,107,140,88,21,22,100,28,34,56,137,30,103,108,21,110,94,125,23,112,57,10,4,70];
Y = [70,72,39,54,26,92,106,125,104,48,29,28,37,108,44,32,57,96,112,112,36,39,40,50,22,101,137,94,113,71,102,108,42,36,139,108,65,124,60,110,114,112,116,100,12,75,13,2,54,136,99,35,6,24,78,7,110,129,132,45,107,83,39,52,99,39,120,39,104,91,63,107,14,0,36,61,134,55,36,124,38,63,47,27,4,56,106,83,106,131,24,28,37,34,31,105,131,105,77,43,105,23,114,92,28,26,90,69,111,87,53,67,35,0,103,66,44,95,130,112,112,23,82,25,28,69,119,88,108,136,71,115,62,10,37,134,138,65,44,12,124,131,70,84,104,18,69,34,38,95,139,102,54,23,38,68,41,123,106,130,13,82,22,34,101,112,39,48,78,99,132,36,138,9,0,59,86,108,58,35,80,25,36,29,44,38,99,99,72,139,127,21,34,30,48,66,104,108,39,71,59,86,30,70];
membership = [1,1,1,1,1,1,1,1,1,1,1,1,1,1,1,1,1,1,1,1,1,1,1,1,1,1,1,1,1,1,1,1,1,1,1,1,1,1,1,1,1,1,1,1,1,1,1,1,1,1,1,1,1,1,1,1,1,1,1,1,1,1,1,1,1,1,1,1,1,1,1,1,1,1,1,1,1,1,1,1,1,1,1,1,1,1,1,1,1,1,1,1,1,1,1,1,1,1,1,1,1,1,1,1,1,1,1,1,1,1,1,1,1,1,1,1,1,1,1,1,1,1,1,1,1,1,1,1,1,1,1,1,1,1,1,1,1,1,1,1,1,1,1,1,1,1,1,1,1,1,1,1,1,1,1,1,1,1,1,1,1,1,1,1,1,1,1,1,1,1,1,1,1,1,1,1,1,1,1,1,1,1,1,1,1,1,1,1,1,1,1,1,1,1,1,1,1,1,1,1,1,1,1,1];
alpha = 1.0;
beta = 1.0;
