Test Case      Vehicle        Objective      Distance       Delay          Time           Fail Num       
lr110
avg            15.800000      1405.888817    1387.046033    18.842784      40.898800     
min            15.000000      1405.692891    1375.092042    15.658360      19.098000     
gap            0.053333       0.000139       0.008693       0.203369       1.141523      
lr111
avg            13.000000      1304.919804    1298.408141    6.511663       27.506000     
min            13.000000      1304.919804    1298.408141    6.511663       26.680000     
gap            0.000000       0.000000       0.000000       0.000000       0.030960      
LR1_2_2
avg            19.000000      4266.428381    4210.642861    55.785519      130.080200    
min            19.000000      4261.756804    4206.498453    53.462344      129.689000    
gap            0.000000       0.001096       0.000985       0.043454       0.003016      
LR1_2_7
avg            14.800000      3231.862311    3117.152134    114.710176     234.802800    
min            14.000000      3221.731159    3103.248651    109.259291     231.053000    
gap            0.057143       0.003145       0.004480       0.049889       0.016229      
lr202
avg            5.600000       1390.927008    1374.387217    16.539791      99.806400     
min            5.000000       1387.375228    1364.219244    6.881820       89.786000     
gap            0.120000       0.002560       0.007453       1.403404       0.111603      
lr203
avg            4.400000       1166.998679    1148.790170    18.208509      160.539600    
min            4.000000       1143.970514    1125.584706    8.678715       117.539000    
gap            0.100000       0.020130       0.020616       1.098065       0.365841      
