Test Case      Vehicle        Objective      Distance       Delay          Time           Fail Num       
lr110
avg            15.800000      1405.412502    1389.754142    15.658360      21.339800     
min            15.000000      1404.290945    1388.632584    15.658360      21.030000     
gap            0.053333       0.000799       0.000808       0.000000       0.014731      
lr111
avg            13.000000      1305.408310    1298.038212    7.370098       26.534000     
min            13.000000      1304.919804    1296.558496    6.511663       26.416000     
gap            0.000000       0.000374       0.001141       0.131830       0.004467      
LR1_2_2
avg            19.000000      4268.420067    4212.634548    55.785519      129.971000    
min            19.000000      4262.864767    4206.498453    53.462344      127.325000    
gap            0.000000       0.001303       0.001459       0.043454       0.020781      
LR1_2_7
avg            15.000000      3221.683749    3110.393366    111.290382     234.084800    
min            15.000000      3219.583016    3103.248651    80.610792      233.529000    
gap            0.000000       0.000652       0.002302       0.380589       0.002380      
lr202
avg            5.600000       1392.666674    1376.989850    15.676825      99.272000     
min            5.000000       1389.376469    1373.250559    6.881820       91.510000     
gap            0.120000       0.002368       0.002723       1.278006       0.084821      
lr203
avg            4.400000       1164.326763    1144.487126    19.839637      162.547200    
min            4.000000       1147.532948    1125.329473    8.820599       130.852000    
gap            0.100000       0.014635       0.017024       1.249239       0.242222      
