Test Case      Vehicle        Objective      Distance       Delay          Time           Fail Num       
lr110
avg            15.800000      1405.412502    1389.754142    15.658360      21.360800     
min            15.000000      1404.290945    1388.632584    15.658360      21.190000     
gap            0.053333       0.000799       0.000808       0.000000       0.008060      
lr111
avg            13.400000      1306.668338    1293.956102    12.712237      26.562200     
min            13.000000      1304.919804    1287.278043    6.511663       26.325000     
gap            0.030769       0.001340       0.005188       0.952226       0.009010      
LR1_2_2
avg            19.000000      4272.951747    4217.839321    55.112426      127.496600    
min            19.000000      4265.937218    4209.570904    53.000846      124.966000    
gap            0.000000       0.001644       0.001964       0.039840       0.020250      
LR1_2_7
avg            15.000000      3220.675967    3107.280878    113.395089     234.703400    
min            15.000000      3213.997285    3103.248651    91.281807      233.905000    
gap            0.000000       0.002078       0.001299       0.242253       0.003413      
lr202
avg            5.600000       1398.929737    1379.028586    19.901151      97.506400     
min            5.000000       1387.375228    1364.219244    6.913229       92.106000     
gap            0.120000       0.008328       0.010856       1.878706       0.058632      
lr203
avg            4.000000       1144.946363    1124.889324    20.057039      208.711400    
min            4.000000       1141.388766    1122.809282    18.385808      207.006000    
gap            0.000000       0.003117       0.001853       0.090898       0.008238      
