Test Case      Vehicle        Objective      Distance       Delay          Time           Fail Num       
lr110
avg            16.000000      1405.692891    1390.034531    15.658360      21.293400     
min            16.000000      1405.692891    1390.034531    15.658360      21.214000     
gap            0.000000       0.000000       0.000000       0.000000       0.003743      
lr111
avg            13.200000      1305.794071    1296.182121    9.611950       26.488000     
min            13.000000      1304.919804    1287.278043    6.511663       26.385000     
gap            0.015385       0.000670       0.006917       0.476113       0.003904      
LR1_2_2
avg            19.000000      4271.230546    4217.410089    53.820457      128.744400    
min            19.000000      4261.756804    4206.498453    46.541002      126.922000    
gap            0.000000       0.002223       0.002594       0.156410       0.014358      
LR1_2_7
avg            15.000000      3220.718310    3110.493680    110.224630     234.735200    
min            15.000000      3213.519512    3103.248651    85.130498      233.034000    
gap            0.000000       0.002240       0.002335       0.294773       0.007300      
lr202
avg            5.600000       1390.873574    1369.123604    21.749969      98.153400     
min            5.000000       1387.375228    1364.219244    16.125910      91.046000     
gap            0.120000       0.002522       0.003595       0.348759       0.078064      
lr203
avg            4.200000       1158.560623    1139.124669    19.435954      303.941800    
min            4.000000       1141.315060    1117.234414    5.303435       197.827000    
gap            0.050000       0.015110       0.019593       2.664786       0.536402      
