Test Case      Vehicle        Objective      Distance       Delay          Time           Fail Num       
lr110
avg            15.800000      1405.888817    1387.046033    18.842784      21.482400     
min            15.000000      1405.692891    1375.092042    15.658360      21.265000     
gap            0.053333       0.000139       0.008693       0.203369       0.010223      
lr111
avg            13.200000      1306.787381    1297.250395    9.536986       26.443800     
min            13.000000      1304.919804    1288.356739    6.511663       26.211000     
gap            0.015385       0.001431       0.006903       0.464601       0.008882      
LR1_2_2
avg            19.000000      4264.475100    4208.108786    56.366313      129.894000    
min            19.000000      4262.864767    4206.498453    56.366313      128.171000    
gap            0.000000       0.000378       0.000383       0.000000       0.013443      
LR1_2_7
avg            14.800000      3232.738982    3103.075888    129.663093     238.896800    
min            14.000000      3222.208932    3069.119529    106.686986     235.128000    
gap            0.057143       0.003268       0.011064       0.215360       0.016029      
lr202
avg            5.800000       1390.827710    1372.234547    18.593162      97.300600     
min            5.000000       1387.375228    1364.219244    11.197543      89.716000     
gap            0.160000       0.002488       0.005875       0.660468       0.084540      
lr203
avg            4.200000       1152.276484    1133.890676    18.385808      189.241800    
min            4.000000       1141.388766    1123.002958    18.385808      113.637000    
gap            0.050000       0.009539       0.009695       0.000000       0.665319      
