Test Case      Vehicle        Objective      Distance       Delay          Time           Fail Num       
lr110
avg            16.000000      1405.692891    1390.034531    15.658360      23.976800     
min            16.000000      1405.692891    1390.034531    15.658360      22.272000     
gap            0.000000       0.000000       0.000000       0.000000       0.076545      
lr111
avg            13.400000      1306.668338    1293.956102    12.712237      28.321200     
min            13.000000      1304.919804    1287.278043    6.511663       27.276000     
gap            0.030769       0.001340       0.005188       0.952226       0.038319      
LR1_2_2
avg            19.000000      4271.924647    4214.224459    57.700188      133.379600    
min            19.000000      4262.864767    4206.498453    56.366313      130.663000    
gap            0.000000       0.002125       0.001837       0.023664       0.020791      
LR1_2_7
avg            15.000000      3222.113377    3104.383358    117.730018     235.052600    
min            15.000000      3221.731159    3103.248651    112.808971     232.131000    
gap            0.000000       0.000119       0.000366       0.043623       0.012586      
lr202
avg            5.400000       1391.663590    1381.849252    9.814337       99.917200     
min            5.000000       1389.376469    1373.250559    6.881820       91.790000     
gap            0.080000       0.001646       0.006262       0.426125       0.088541      
lr203
avg            4.400000       1158.003774    1141.699896    16.303878      163.898400    
min            4.000000       1143.970514    1125.584706    7.976158       113.717000    
gap            0.100000       0.012267       0.014317       1.044077       0.441283      
