Test Case      Vehicle        Objective      Distance       Delay          Time           Fail Num       
lr110
avg            16.000000      1405.692891    1390.034531    15.658360      21.395400     
min            16.000000      1405.692891    1390.034531    15.658360      21.083000     
gap            0.000000       0.000000       0.000000       0.000000       0.014818      
lr111
avg            13.000000      1304.919804    1298.408141    6.511663       26.346800     
min            13.000000      1304.919804    1298.408141    6.511663       26.174000     
gap            0.000000       0.000000       0.000000       0.000000       0.006602      
LR1_2_2
avg            19.000000      4275.016767    4216.563498    58.453268      126.852800    
min            19.000000      4261.756804    4206.498453    53.462344      124.142000    
gap            0.000000       0.003111       0.002393       0.093354       0.021836      
LR1_2_7
avg            15.000000      3222.351238    3107.850671    114.500566     234.014800    
min            15.000000      3221.731159    3103.248651    103.107982     232.276000    
gap            0.000000       0.000192       0.001483       0.110492       0.007486      
lr202
avg            5.200000       1392.897897    1374.402761    18.495136      99.699800     
min            5.000000       1387.375228    1364.219244    6.881820       92.283000     
gap            0.040000       0.003981       0.007465       1.687536       0.080370      
lr203
avg            4.400000       1162.169490    1148.406088    13.763402      167.776800    
min            4.000000       1149.903512    1126.979218    0.000000       114.401000    
gap            0.100000       0.010667       0.019013       0.000000       0.466568      
