Test Case      Vehicle        Objective      Distance       Delay          Time           Fail Num       
lr110
avg            16.000000      1406.495818    1391.162159    15.333659      21.409200     
min            16.000000      1405.692891    1390.034531    14.846608      21.208000     
gap            0.000000       0.000571       0.000811       0.032806       0.009487      
lr111
avg            13.200000      1308.060948    1297.995270    10.065678      26.437600     
min            13.000000      1305.390327    1287.278043    2.967409       26.298000     
gap            0.015385       0.002046       0.008325       2.392076       0.005308      
LR1_2_2
avg            19.000000      4267.092821    4211.307302    55.785519      129.203600    
min            19.000000      4262.864767    4206.498453    53.462344      126.317000    
gap            0.000000       0.000992       0.001143       0.043454       0.022852      
LR1_2_7
avg            14.800000      3228.804709    3095.688406    133.116303     235.147800    
min            14.000000      3222.208932    3069.119529    118.960280     231.821000    
gap            0.057143       0.002047       0.008657       0.118998       0.014351      
lr202
avg            5.800000       1390.324536    1367.853524    22.471012      105.041800    
min            5.000000       1387.375228    1364.219244    16.125910      102.153000    
gap            0.160000       0.002126       0.002664       0.393472       0.028279      
lr203
avg            4.400000       1160.686473    1145.064418    15.622055      169.312600    
min            4.000000       1141.388766    1123.002958    4.567041       109.589000    
gap            0.100000       0.016907       0.019645       2.420607       0.544978      
