Test Case      Vehicle        Objective      Distance       Delay          Time           Fail Num       
lr110
avg            15.800000      1405.235730    1386.392947    18.842784      22.050200     
min            15.000000      1403.407088    1371.826609    15.658360      21.378000     
gap            0.053333       0.001303       0.010618       0.203369       0.031444      
lr111
avg            13.200000      1306.957124    1292.289580    14.667544      28.174200     
min            13.000000      1304.919804    1277.866737    6.511663       27.303000     
gap            0.015385       0.001561       0.011287       1.252504       0.031909      
LR1_2_2
avg            19.000000      4265.470943    4209.104630    56.366313      131.883600    
min            19.000000      4262.864767    4206.498453    56.366313      129.055000    
gap            0.000000       0.000611       0.000620       0.000000       0.021918      
LR1_2_7
avg            14.800000      3233.061265    3115.812197    117.249067     237.839600    
min            14.000000      3222.208932    3103.248651    109.259291     234.880000    
gap            0.057143       0.003368       0.004049       0.073127       0.012600      
lr202
avg            5.600000       1399.388744    1382.305904    17.082839      102.234200    
min            5.000000       1389.703573    1370.876331    6.913229       97.271000     
gap            0.120000       0.006969       0.008337       1.471036       0.051024      
lr203
avg            4.400000       1158.824041    1142.594038    16.230002      181.692600    
min            4.000000       1143.970514    1125.361563    3.817667       112.700000    
gap            0.100000       0.012984       0.015313       3.251288       0.612179      
