// solution (optimal) with objective 575.63080172902
// Quality Incumbent solution:
// MILP objective                                 5.7563080173e+02
// MILP solution norm |x| (Total, Max)            6.46909e+03  1.05274e+03
// MILP solution error (Ax=b) (Total, Max)        1.09566e-11  4.68958e-13
// MILP x bound error (Total, Max)                0.00000e+00  0.00000e+00
// MILP x integrality error (Total, Max)          0.00000e+00  0.00000e+00
// MILP slack bound error (Total, Max)            0.00000e+00  0.00000e+00
// 

x = [[0]
             [0]
             [0]
             [0]
             [1]
             [0]
             [0]
             [0]
             [1]
             [0]
             [0]
             [0]
             [0]
             [0]
             [0]
             [0]
             [1]
             [0]
             [0]
             [0]
             [0]
             [0]
             [0]
             [0]
             [0]
             [0]
             [0]
             [0]
             [0]
             [0]
             [0]
             [0]
             [0]
             [1]
             [0]
             [0]
             [0]
             [0]
             [0]
             [0]
             [0]
             [1]
             [0]
             [0]
             [0]
             [0]
             [0]
             [1]
             [0]
             [0]
             [0]
             [0]
             [0]
             [0]
             [0]
             [0]
             [0]
             [0]
             [0]
             [0]
             [0]
             [0]
             [1]
             [0]
             [0]
             [0]
             [0]
             [0]
             [0]
             [1]
             [0]
             [0]
             [0]
             [0]
             [0]
             [0]
             [0]
             [0]
             [0]
             [0]
             [0]
             [0]
             [0]
             [0]
             [0]
             [0]
             [1]
             [0]
             [0]
             [0]
             [0]
             [0]
             [0]
             [0]
             [1]
             [0]
             [0]
             [0]
             [0]
             [0]
             [0]
             [0]
             [0]
             [0]
             [0]
             [0]
             [0]
             [0]
             [0]
             [1]
             [0]
             [0]
             [0]
             [0]
             [0]
             [0]
             [0]
             [0]
             [0]
             [0]
             [0]
             [0]];
DL = [[0]
             [9.2801]
             [0]
             [0]
             [0]
             [0]
             [187.48]
             [0]
             [15.85]
             [0]
             [0]
             [0]];
Q = [[0]
             [50]
             [40]
             [60]
             [80]
             [10]
             [20]
             [50]
             [10]
             [30]
             [0]
             [0]];
T = [[12.615]
             [235.28]
             [138]
             [530.44]
             [338.28]
             [25]
             [732.48]
             [434.11]
             [834.85]
             [624.04]
             [937.66]
             [1052.7]];
