lr101          19.000000      1651.436859    1650.799240    0.212540       16.777000      0              
lr102          17.000000      1505.289527    1493.863572    3.808652       23.741000      0              
lr103          13.000000      1317.459286    1317.459286    0.000000       25.943000      0              
lr104          9.000000       1013.389290    1013.389290    0.000000       41.685000      0              
lr105          14.000000      1378.091763    1377.111018    0.326915       22.875000      0              
lr106          14.000000      1413.627839    1395.750744    5.959032       24.842000      0              
lr107          14.000000      1369.938337    1362.814652    2.374562       25.817000      0              
lr108          11.000000      1176.414661    1176.414661    0.000000       27.469000      0              
lr109          12.000000      1303.585462    1294.671777    2.971229       27.983000      0              
lr110          17.000000      1424.500544    1420.809516    1.230343       23.098000      0              
lr111          13.000000      1312.130627    1303.228400    2.967409       29.392000      0              
lr112          21.000000      1758.454570    1735.717724    7.578949       17.179000      0              
