lr101          20.000000      1690.153033    1690.153033    0.000000       15.503000      0              
lr102          17.000000      1497.137068    1483.933715    13.203353      21.757000      0              
lr103          13.000000      1317.459286    1317.459286    0.000000       23.479000      0              
lr104          9.400000       1019.223630    1019.103593    0.120038       32.124000      0              
lr105          14.000000      1382.779336    1382.779336    0.000000       19.803000      0              
lr106          15.000000      1412.680391    1408.237547    4.442844       19.855000      0              
lr107          14.000000      1394.336873    1393.780855    0.556017       22.033000      0              
lr108          11.000000      1167.421062    1152.462037    14.959025      24.491000      0              
lr109          13.000000      1306.331562    1306.231254    0.100307       20.739000      0              
lr110          16.000000      1407.619303    1392.781893    14.837410      18.320000      0              
lr111          13.000000      1314.591912    1314.591912    0.000000       24.486000      0              
lr112          20.000000      1727.816886    1677.825073    49.991813      14.374000      0                            
