lr101          17.600000      4905.750853    1598.792395    109.373667     23.193000      0              
lr102          16.000000      4399.572221    1415.165467    154.075819     39.674000      0              
lr103          12.200000      3883.010782    1276.850366    52.459684      31.824000      0              
lr104          9.000000       3035.135845    995.327283     49.153995      47.937000      0              
lr105          14.000000      4120.297010    1366.569163    20.589522      25.472000      0              
lr106          13.000000      4043.105355    1322.579292    75.367478      30.493000      0              
lr107          12.000000      3873.261575    1249.440981    124.938633     38.843000      0              
lr108          11.000000      3406.665682    1115.952723    58.807512      35.213000      0              
lr109          11.000000      3764.304622    1239.355967    46.236722      33.749000      0              
lr110          13.000000      3997.098966    1269.194631    189.515074     30.215000      0              
lr111          12.200000      3862.565602    1263.215508    72.919078      38.122000      0              
lr112          16.000000      4715.980716    1443.211586    386.345957     23.774000      0              
