lr101          20.000000      5064.553814    1679.371682    26.438770      13.855000      0              
lr102          17.000000      4457.002679    1479.763880    17.711038      19.992000      0              
lr103          13.000000      3951.804569    1311.291748    17.929326      22.574000      0              
lr104          9.200000       3049.195384    1016.198399    0.600188       31.148000      0              
lr105          14.000000      4138.911283    1365.350679    42.859248      18.034000      0              
lr106          14.000000      4209.594108    1365.694581    112.510366     18.265000      0              
lr107          14.200000      4181.168642    1390.478513    9.733105       20.908000      0              
lr108          11.000000      3452.311384    1135.019620    47.252523      24.572000      0              
lr109          12.000000      3871.524807    1275.521303    44.960898      21.000000      0              
lr110          14.000000      4129.764591    1337.192342    118.187566     18.819000      0              
lr111          13.000000      3901.652763    1292.495189    24.167197      24.719000      0              
lr112          19.000000      4977.510589    1618.608389    121.685421     15.196000      0                           
