lr101          19.000000      1651.011779    1650.799240    0.212540       16.762000      0              
lr102          17.000000      1497.611901    1488.034815    9.577087       25.397000      0              
lr103          13.000000      1317.459286    1317.459286    0.000000       25.854000      0              
lr104          9.000000       1013.114155    1009.006435    4.107719       42.134000      0              
lr105          14.000000      1377.437933    1377.111018    0.326915       22.455000      0              
lr106          14.000000      1387.402274    1361.437450    25.964824      25.119000      0              
lr107          14.000000      1358.982959    1336.207903    22.775056      28.112000      0              
lr108          11.000000      1166.765175    1147.931816    18.833359      33.924000      0              
lr109          12.000000      1287.637929    1256.394110    31.243819      29.299000      0              
lr110          16.000000      1402.585249    1387.089239    15.496010      26.638000      0              
lr111          13.000000      1304.919804    1298.408141    6.511663       33.284000      0              
lr112          20.000000      1724.765681    1680.668901    44.096779      19.273000      0              
