lr101          18.000000      4944.495831    1640.571022    22.782765      19.391000      0              
lr102          17.000000      4473.681530    1488.034815    9.577087       30.119000      0              
lr103          13.000000      3951.804569    1311.291748    17.929326      31.023000      0              
lr104          9.000000       3030.189178    1008.493757    4.707907       46.059000      0              
lr105          14.000000      4110.480371    1361.187473    26.917952      23.065000      0              
lr106          14.000000      4034.904106    1305.399243    118.706376     28.967000      0              
lr107          14.000000      4013.416136    1315.079803    68.176728      31.201000      0              
lr108          11.000000      3417.824268    1121.660855    52.841705      30.465000      0              
lr109          12.000000      3788.119853    1237.029379    77.031715      30.371000      0              
lr110          14.000000      4092.804266    1323.006217    123.785615     23.043000      0              
lr111          12.000000      3825.901226    1249.578848    77.164681      31.057000      0              
lr112          19.000000      5020.319700    1580.222581    279.651958     17.510000      0              
