lr101          19.000000      1651.011779    1650.799240    0.212540       18.680000      0              
lr102          17.000000      1497.611901    1488.034815    9.577087       28.780000      0              
lr103          13.000000      1293.332769    1292.675510    0.657259       25.951000      0              
lr104          9.200000       1015.184852    1011.180505    4.004347       41.994000      0              
lr105          14.000000      1377.437933    1377.111018    0.326915       23.146000      0              
lr106          14.000000      1386.551614    1368.068789    18.482826      25.520000      0              
lr107          13.000000      1347.189975    1287.482945    59.707029      32.747000      0              
lr108          11.000000      1158.187110    1136.202423    21.984687      29.573000      0              
lr109          11.800000      1282.728525    1259.889780    22.838745      30.211000      0              
lr110          14.800000      1389.871404    1350.001477    39.869926      26.651000      0              
lr111          13.000000      1306.522988    1299.077136    7.445852       33.780000      0              
lr112          20.000000      1690.116529    1631.796685    58.319844      20.229000      0              
