lr101          20.000000      1690.153033    1690.153033    0.000000       13.748000      0              
lr102          17.000000      1505.289527    1493.863572    3.808652       19.054000      0              
lr103          13.000000      1317.459286    1317.459286    0.000000       21.322000      0              
lr104          9.600000       1023.732262    1023.372150    0.120038       29.652000      0              
lr105          14.000000      1382.779336    1382.779336    0.000000       18.263000      0              
lr106          15.000000      1421.566078    1408.237547    4.442844       17.677000      0              
lr107          14.000000      1395.409876    1393.741824    0.556017       20.633000      0              
lr108          11.200000      1176.754168    1176.505877    0.082764       23.960000      0              
lr109          13.000000      1305.857491    1305.556569    0.100307       20.792000      0              
lr110          17.000000      1427.860742    1424.197307    1.221145       17.885000      0              
lr111          13.000000      1314.591912    1314.591912    0.000000       24.475000      0              
lr112          21.800000      1776.341935    1763.693412    4.216174       14.311000      0              
