lr101          19.000000      1651.436859    1650.799240    0.212540       17.463000      0              
lr102          17.000000      1505.289527    1493.863572    3.808652       29.768000      0              
lr103          13.000000      1294.647288    1292.675510    0.657259       26.487000      0              
lr104          9.200000       1016.711077    1016.711077    0.000000       41.605000      0              
lr105          14.000000      1378.091763    1377.111018    0.326915       21.783000      0              
lr106          14.000000      1412.245900    1380.414784    10.610372      24.186000      0              
lr107          14.000000      1375.228267    1358.674624    5.517881       31.442000      0              
lr108          11.000000      1178.480803    1174.488460    1.330781       29.694000      0              
lr109          13.000000      1297.848550    1292.135528    1.904341       28.200000      0              
lr110          15.800000      1423.374988    1387.734634    11.880118      23.711000      0              
lr111          13.000000      1312.130627    1303.228400    2.967409       31.982000      0              
lr112          20.000000      1743.627493    1695.102748    16.174915      18.598000      0              
