lr201          5.400000       1331.159598    1329.148860    2.010738       68.257000      0              
lr202          5.800000       1401.156444    1399.413186    1.743258       73.393000      0              
lr203          4.800000       1169.280616    1164.225309    5.055306       118.343000     0              
lr204          4.000000       1114.981153    1114.981153    0.000000       138.199000     0              
lr205          4.000000       1179.205770    1179.205770    0.000000       118.098000     0              
lr206          5.200000       1223.164530    1223.049353    0.115176       76.644000      0              
lr207          4.000000       1226.304105    1226.304105    0.000000       110.061000     0              
lr208          4.800000       1069.390142    1067.121868    2.268275       150.237000     0              
lr209          4.800000       1123.160399    1117.672537    5.487862       103.544000     0              
lr210          4.000000       1082.490161    1082.490161    0.000000       133.306000     0              
lr211          6.000000       1378.884575    1370.975322    7.909253       63.533000      0