lr201          6.000000       1328.010962    1328.010962    0.000000       65.683000      0              
lr202          5.800000       1402.386170    1402.254252    0.043973       72.958000      0              
lr203          4.400000       1158.693509    1158.693509    0.000000       146.422000     0              
lr204          4.000000       1115.701434    1115.701434    0.000000       144.570000     0              
lr205          4.000000       1179.187974    1179.187974    0.000000       117.298000     0              
lr206          5.600000       1213.931057    1213.931057    0.000000       69.378000      0              
lr207          4.000000       1226.304105    1226.304105    0.000000       111.492000     0              
lr208          4.600000       1074.249396    1071.480217    0.923060       149.512000     0              
lr209          5.000000       1116.987943    1116.987943    0.000000       107.682000     0              
lr210          4.000000       1082.417251    1082.417251    0.000000       118.336000     0              
lr211          6.200000       1378.512151    1377.707906    0.268082       61.789000      0