lr201          6.000000       3970.183167    1316.611645    20.348233      67.607000      0              
lr202          5.800000       4192.615431    1384.764692    38.321354      75.819000      0              
lr203          4.800000       3495.616649    1160.348418    14.571394      114.994000     0              
lr204          4.000000       3329.648422    1096.817028    39.197338      136.730000     0              
lr205          4.000000       3515.376633    1166.980308    14.435710      117.466000     0              
lr206          4.600000       3619.964007    1196.249750    31.214756      95.151000      0              
lr207          4.200000       3686.110832    1226.529982    6.520886       106.426000     0              
lr208          4.400000       3208.937358    1067.165792    7.439983       154.848000     0              
lr209          5.000000       3292.178480    1087.376638    30.048565      118.473000     0              
lr210          3.800000       3232.243051    1068.680071    26.202838      157.556000     0              
lr211          6.000000       4104.038581    1352.840554    45.516920      63.197000      0 