lr201          5.000000       3927.770362    1286.043444    69.640030      165.201000     0              
lr202          6.000000       4061.865707    1316.090005    113.595693     219.905000     0              
lr203          4.000000       3368.717286    1109.844216    39.184639      444.746000     0              
lr204          4.000000       3285.792365    1081.086305    42.533451      257.550000     0              
lr205          3.000000       3494.722148    1132.080380    98.481007      421.086000     0              
lr206          4.600000       3563.900189    1159.137190    86.488619      256.991000     0              
lr207          4.000000       3635.642270    1191.335358    61.636197      242.003000     0              
lr208          4.200000       3190.712609    1059.048519    13.567053      317.588000     0              
lr209          4.000000       3248.571190    1059.038032    71.457094      319.536000     0              
lr210          4.000000       3251.336081    1082.595372    3.549964       328.383000     0              
lr211          6.000000       4013.939246    1303.061898    104.753551     154.149000     0              
