lr201          5.000000       1324.508505    1308.716860    15.791645      98.648000      0              
lr202          5.000000       1395.097479    1380.506215    14.591264      123.419000     0              
lr203          4.400000       1151.814906    1139.872609    11.942297      212.191000     0              
lr204          4.000000       1114.665871    1114.571393    0.094479       154.196000     0              
lr205          4.000000       1180.881652    1173.541084    7.340568       180.200000     0              
lr206          5.600000       1224.502989    1224.175607    0.327382       106.021000     0              
lr207          4.200000       1235.568195    1235.568195    0.000000       161.370000     0              
lr208          4.400000       1065.299346    1062.208360    3.090985       189.643000     0              
lr209          5.200000       1110.813467    1102.934397    7.879070       128.665000     0              
lr210          4.000000       1082.417251    1082.417251    0.000000       135.041000     0              
lr211          5.800000       1363.992694    1357.684854    6.307839       72.891000      0              