lr201          5.200000       3918.212271    1280.262415    77.425027      109.757000     0              
lr202          5.000000       4030.661788    1291.990838    154.689276     144.685000     0              
lr203          4.000000       3313.972981    1073.823339    92.502963      313.666000     0              
lr204          4.000000       3285.792365    1081.086305    42.533451      168.141000     0              
lr205          4.000000       3512.271428    1152.156331    55.802436      173.340000     0              
lr206          4.200000       3634.296933    1181.300145    90.396500      170.621000     0              
lr207          4.200000       3522.648713    1136.192232    114.072016     216.602000     0              
lr208          4.000000       3161.226583    1042.310423    34.295315      195.871000     0              
lr209          4.200000       3251.585392    1047.011845    110.549858     259.745000     0              
lr210          4.000000       3201.948773    1046.762614    61.660930      180.417000     0              
lr211          5.000000       3911.649091    1235.206339    206.030074     115.030000     0              
