lr201          5.800000       1329.317345    1329.317345    0.000000       85.704000      0              
lr202          5.400000       1393.332001    1386.202377    2.376541       107.281000     0              
lr203          4.200000       1162.725529    1162.283693    0.147279       223.850000     0              
lr204          4.000000       1111.279050    1111.279050    0.000000       164.684000     0              
lr205          4.000000       1179.187974    1179.187974    0.000000       148.242000     0              
lr206          5.400000       1220.277637    1219.244278    0.344453       115.615000     0              
lr207          4.000000       1232.111619    1232.111619    0.000000       186.545000     0              
lr208          4.400000       1070.235700    1068.955225    0.426825       172.829000     0              
lr209          5.000000       1130.675101    1127.730682    0.981473       173.441000     0              
lr210          4.000000       1082.417251    1082.417251    0.000000       183.828000     0              
lr211          6.000000       1374.660992    1368.239776    2.140405       105.358000     0              