lr201          5.600000       1328.921657    1328.921657    0.000000       165.055000     0              
lr202          6.000000       1394.264728    1390.956408    1.102773       200.894000     0              
lr203          4.400000       1161.764229    1161.322393    0.147279       349.436000     0              
lr204          4.000000       1111.173266    1111.173266    0.000000       301.718000     0              
lr205          4.000000       1179.170177    1179.170177    0.000000       362.117000     0              
lr206          5.400000       1217.142260    1217.142260    0.000000       228.553000     0              
lr207          4.000000       1226.304105    1226.304105    0.000000       352.567000     0              
lr208          4.000000       1069.869847    1069.869847    0.000000       371.378000     0              
lr209          5.000000       1124.235032    1123.426247    0.269595       274.083000     0              
lr210          4.000000       1082.417251    1082.417251    0.000000       310.083000     0              
lr211          6.000000       1372.079654    1368.497669    1.193995       200.056000     0              
