lr201          5.400000       1329.853754    1317.083026    12.770728      106.266000     0              
lr202          5.000000       1385.101672    1373.340153    11.761519      119.939000     0              
lr203          4.000000       1147.661859    1125.301491    22.360368      289.052000     0              
lr204          4.200000       1116.576821    1116.461395    0.115426       173.178000     0              
lr205          4.000000       1179.179123    1176.769735    2.409388       159.944000     0              
lr206          5.400000       1217.995094    1217.507876    0.487218       128.716000     0              
lr207          4.000000       1231.154255    1211.206783    19.947472      186.765000     0              
lr208          4.000000       1065.405682    1062.104866    3.300816       190.463000     0              
lr209          5.000000       1112.971113    1104.112027    8.859086       181.906000     0              
lr210          3.800000       1088.373152    1087.117417    1.255735       197.073000     0              
lr211          5.600000       1355.847195    1327.714807    28.132388      108.911000     0              
