LR1_2_1        20.000000      4769.719534    4719.774241    49.945293      303.928000     0              
LR1_2_10       15.000000      3374.630227    3366.577747    8.052480       453.586000     0              
LR1_2_2        19.000000      4236.685069    4138.480275    98.204794      336.960000     0              
LR1_2_3        15.800000      3543.313049    3480.711377    62.601673      567.299000     0              
LR1_2_4        12.200000      2953.614713    2883.313511    70.301202      780.944000     0              
LR1_2_5        18.000000      4228.409496    4202.824019    25.585477      372.648000     0              
LR1_2_6        17.000000      3859.464565    3768.433848    91.030717      507.876000     0              
LR1_2_7        15.000000      3196.047989    3166.160706    29.887283      497.799000     0              
LR1_2_8        11.000000      2637.036243    2619.003453    18.032790      949.470000     0              
LR1_2_9        17.000000      3997.367810    3963.849813    33.517997      363.818000     0              
