LR1_2_1        18.000000      14163.273565   4537.602824    550.465095     310.811000     0              
LR1_2_10       12.200000      10055.615062   3243.048325    326.470088     506.787000     0              
LR1_2_2        17.400000      12544.846629   3995.484389    558.393462     418.508000     0              
LR1_2_3        14.000000      10305.910291   3276.633812    476.008855     618.763000     0              
LR1_2_4        11.000000      8547.257109    2708.625570    421.380398     779.411000     0              
LR1_2_5        16.000000      12496.950306   3956.162911    628.461573     424.014000     0              
LR1_2_6        15.600000      11286.199474   3619.044496    429.065986     517.974000     0              
LR1_2_7        13.000000      9518.165851    2989.864449    548.572505     544.897000     0              
LR1_2_8        10.000000      7776.106886    2514.524255    232.534120     1017.835000    0              
LR1_2_9        15.600000      11864.326695   3822.816559    395.877018     358.050000     0              
