LR1_2_1        20.000000      4787.680062    4752.753596    34.926466      258.786000     0              
LR1_2_10       15.000000      3374.087926    3362.478883    11.609044      436.354000     0              
LR1_2_2        19.000000      4266.247614    4210.870603    55.377012      294.274400     0              
LR1_2_3        16.200000      3510.822534    3468.474819    42.347715      382.804000     0              
LR1_2_4        12.200000      2994.912409    2948.868768    46.043640      659.754000     0              
LR1_2_5        19.000000      4273.233593    4270.516055    2.717538       248.305000     0              
LR1_2_6        18.000000      3879.321413    3825.699147    53.622266      358.474000     0              
LR1_2_7        14.600000      3233.567270    3103.165855    130.401415     516.698000     0              
LR1_2_8        11.000000      2650.874061    2634.408275    16.465787      699.883000     0              
LR1_2_9        18.000000      4088.740803    4044.387214    44.353589      264.424000     0              
