LR1_2_1        20.000000      4853.492747    4829.253467    24.239280      88.456000      0              
LR1_2_10       15.000000      3411.017742    3402.529253    8.488489       188.332000     0              
LR1_2_2        20.000000      4374.640512    4335.503253    39.137258      125.851000     0              
LR1_2_3        17.000000      3479.382571    3459.802308    19.580263      199.715000     0              
LR1_2_4        12.000000      2990.128130    2946.783804    43.344326      283.808000     0              
LR1_2_5        18.000000      4305.258409    4264.934912    40.323497      112.521000     0              
LR1_2_6        17.800000      3928.779969    3882.494313    46.285656      153.812000     0              
LR1_2_7        15.800000      3317.795370    3270.600761    47.194609      178.814000     0              
LR1_2_8        11.000000      2646.061591    2596.583979    49.477612      349.351000     0              
LR1_2_9        17.200000      4128.961015    4072.885065    56.075950      121.292000     0              
