LR1_2_1        20.000000      14495.264570   4802.199699    88.665474      93.062000      0              
LR1_2_10       14.200000      10168.268999   3344.892603    133.591188     203.875000     0              
LR1_2_2        18.800000      12918.415179   4237.836948    204.904334     129.443000     0              
LR1_2_3        14.200000      10401.877988   3361.182622    318.330124     234.797000     0              
LR1_2_4        12.000000      8845.523810    2913.320464    105.562418     337.375000     0              
LR1_2_5        18.000000      12739.780146   4147.402169    297.573639     131.631000     0              
LR1_2_6        16.400000      11709.909868   3850.978673    156.973848     183.465000     0              
LR1_2_7        15.400000      9850.092758    3257.683688    77.041693      199.068000     0              
LR1_2_8        10.000000      7803.978129    2539.911713    184.242989     772.382000     0              
LR1_2_9        16.000000      12083.050983   3921.846346    317.511946     249.563000     0              
