LR1_2_1        20.000000      4840.352912    4787.684806    17.556035      217.024000     0              
LR1_2_10       15.000000      3384.376974    3360.906517    7.823486       380.781000     0              
LR1_2_2        19.000000      4350.147952    4265.766566    28.127129      243.966000     0              
LR1_2_3        17.000000      3536.413755    3507.827941    9.528605       436.089000     0              
LR1_2_4        13.400000      3021.436731    3012.018428    3.139434       706.921000     0              
LR1_2_5        19.000000      4278.668668    4270.516055    2.717538       253.923000     0              
LR1_2_6        18.000000      3886.237094    3846.506969    13.243375      327.731000     0              
LR1_2_7        15.600000      3322.482333    3268.593308    17.963008      492.788000     0              
LR1_2_8        11.000000      2670.094600    2664.204275    1.963442       772.507000     0              
LR1_2_9        18.000000      4109.785898    4084.093564    8.564111       304.363000     0              
