LR1_2_1        20.000000      4901.971307    4829.253467    24.239280      88.855000      0              
LR1_2_10       15.200000      3404.631266    3404.631266    0.000000       167.393000     0              
LR1_2_2        20.000000      4426.699326    4425.034768    0.554853       110.472000     0              
LR1_2_3        17.000000      3516.270123    3463.122546    17.715859      178.444000     0              
LR1_2_4        13.000000      3021.255386    3005.558214    5.232391       281.114000     0              
LR1_2_5        19.000000      4332.219312    4309.271801    7.649170       113.133000     0              
LR1_2_6        18.000000      3906.354310    3906.354310    0.000000       144.235000     0              
LR1_2_7        16.000000      3340.215560    3323.913642    5.433973       176.251000     0              
LR1_2_8        10.800000      2675.966049    2651.335871    8.210059       354.820000     0              
LR1_2_9        18.000000      4143.360159    4115.678778    9.227127       115.022000     0              
