LR1_2_1        19.000000      14326.009968   4615.348231    479.965276     247.535000     0              
LR1_2_10       13.000000      9962.848041    3240.862739    240.259824     421.544000     0              
LR1_2_2        18.000000      12642.361059   4142.952908    213.502334     257.207000     0              
LR1_2_3        16.000000      10456.880485   3469.983947    46.928642      369.804000     0              
LR1_2_4        12.000000      8846.461255    2914.507637    102.938345     663.100000     0              
LR1_2_5        19.000000      12774.771689   4204.629756    160.882419     238.514000     0              
LR1_2_6        16.000000      11381.743398   3686.583214    321.993755     356.596000     0              
LR1_2_7        14.000000      9385.269418    3039.259963    267.489529     507.490000     0              
LR1_2_8        10.200000      7893.118358    2567.471696    190.703270     750.036000     0              
LR1_2_9        15.200000      12088.270817   3833.333883    588.269168     301.852000     0              
