1_mem_0.3_coeff_1.0_3.0  14.416667      1382.426095    1368.578300    4.615932       
1_mem_0.3_coeff_1.0_1.0  14.150000      1366.312282    1346.026694    20.285588      
1_mem_0.3_coeff_3.0_1.0  13.083333      4000.562436    1296.304613    111.648595     
1_mem_0.5_coeff_1.0_3.0  14.500000      1385.359897    1378.502490    2.285803       
1_mem_0.5_coeff_1.0_1.0  14.333333      1374.141177    1359.212363    14.928814      
1_mem_0.5_coeff_3.0_1.0  13.916667      4058.661753    1328.462978    73.272818      
1_mem_0.7_coeff_1.0_3.0  14.883333      1394.816304    1391.179319    1.212328       
1_mem_0.7_coeff_1.0_1.0  14.616667      1386.462528    1378.278294    8.184234       
1_mem_0.7_coeff_3.0_1.0  14.200000      4115.416218    1355.582194    48.669637      
2_mem_0.3_coeff_1.0_3.0  4.745455       1207.838200    1206.088115    0.583361       
2_mem_0.3_coeff_1.0_1.0  4.581818       1202.738156    1192.610871    10.127286      
2_mem_0.3_coeff_3.0_1.0  4.345455       3522.206029    1142.554802    94.541622      
2_mem_0.5_coeff_1.0_3.0  4.763636       1206.122019    1205.381935    0.246695       
2_mem_0.5_coeff_1.0_1.0  4.690909       1204.505669    1198.381530    6.124139       
2_mem_0.5_coeff_3.0_1.0  4.436364       3549.360859    1161.760065    64.080663      
2_mem_0.7_coeff_1.0_3.0  4.872727       1206.943814    1206.606965    0.112283       
2_mem_0.7_coeff_1.0_1.0  4.800000       1209.016136    1206.780693    2.235443       
2_mem_0.7_coeff_3.0_1.0  4.781818       3604.264783    1193.124080    24.892543      
3_mem_0.3_coeff_1.0_3.0  16.300000      3711.700189    3678.530128    11.056687      
3_mem_0.3_coeff_1.0_1.0  16.000000      3679.628870    3630.912899    48.715971      
3_mem_0.3_coeff_3.0_1.0  14.280000      10855.865187   3466.380759    456.722910     
3_mem_0.5_coeff_1.0_3.0  16.600000      3739.999692    3706.811843    11.062616      
3_mem_0.5_coeff_1.0_1.0  16.300000      3705.948768    3662.162321    43.786447      
3_mem_0.5_coeff_3.0_1.0  15.240000      10975.773449   3571.493397    261.293256     
3_mem_0.7_coeff_1.0_3.0  16.700000      3766.894280    3743.415466    7.826271       
3_mem_0.7_coeff_1.0_1.0  16.380000      3743.551806    3706.137112    37.414694      
3_mem_0.7_coeff_3.0_1.0  15.500000      11101.616243   3637.725493    188.439765     