0.3426676123325963 0.2995869664983937 0.35774542116901 
0.216442453520303 0.28436854265699385 0.18260454913091242 0.20989828079348535 0.10668617389830538 0.33706859973016157 0.33600277463813477 0.32692862563170366 
0.19502099170529563 0.2970089198552327 0.19059097431739652 0.19627860863446828 0.12110050548760676 0.3405366413912103 0.3402617756933195 0.3192015829154702 
0.17261152769639276 0.268249508570412 0.19136083663439474 0.18846031777855618 0.1793178093202443 0.34694434663348145 0.3500702699778609 0.30298538338865766 
0.17731327206939612 0.2516830522182588 0.19350813842322226 0.19389014771643157 0.18360538957269112 0.35144997739479844 0.3555345066723696 0.293015515932832 
0.1724568069894934 0.25988165686466336 0.2005052919805101 0.18857965560981982 0.17857658855551328 0.35052691272730024 0.35226458602689104 0.29720850124580867 
0.16315217132282372 0.2846391763060548 0.2048617456528708 0.17840513701455027 0.16894176970370045 0.36059198458594666 0.3468054400805891 0.2926025753334643 
0.18080091687249875 0.2786362636809059 0.2005413032761427 0.17464265265356219 0.16537886351689046 0.36638529760742206 0.33546782148834653 0.29814688090423147 
0.17444106501793674 0.268834956314921 0.2138347694912645 0.1833277114668441 0.15956149770903355 0.3773328053048729 0.32967165459997894 0.2929955400951482 
0.17121528879578074 0.26386364173554805 0.22837259123065912 0.17993760276479498 0.15661087547321725 0.3947262952628378 0.3204626571410426 0.2848110475961196 
0.16521171816346572 0.25461140718569597 0.22036483099159887 0.1930059135797199 0.1668061300795195 0.41670299628753876 0.31848904824132496 0.26480795547113634 
0.16631968407527348 0.23379822634918998 0.24147424742838852 0.20523726040522022 0.15317058174192788 0.4399070511764379 0.3058192808503235 0.25427366797323847 
0.18150732604920464 0.24439749601084676 0.23109408241110663 0.1964148014747588 0.1465862940540833 0.43990705117643797 0.3058192808503235 0.2542736679732385 
0.1815073260492046 0.24439749601084676 0.2310940824111066 0.19641480147475876 0.14658629405408327 0.439907051176438 0.30581928085032356 0.2542736679732385 
0.1815073260492046 0.24439749601084676 0.23109408241110663 0.19641480147475876 0.1465862940540833 0.47844215962403125 0.28477852470853426 0.23677931566743446 
0.18739526323142136 0.21773167320262748 0.25094257440113804 0.18907340808607898 0.15485708107873397 0.4919258754427228 0.27741621050064486 0.23065791405663227 
0.18037104462068146 0.2095703416690298 0.24153638413282444 0.21946972419696875 0.14905250538049553 0.5136003522204154 0.26558161605541275 0.22081803172417175 
0.16973958762501676 0.23871673654008072 0.24474293844005915 0.20653370700220594 0.14026703039263752 0.5057197905445732 0.2513829233287672 0.24289728612665953 
0.16229868758479235 0.24614478971466788 0.259958541816051 0.19747985757177458 0.13411812331271417 