1.1333333333333333 1.7466666666666666 1.5688888888888888 2.1514285714285717 1.1261538461538463 
1.245 2.5220000000000002 1.9767058823529413 2.2953766233766237 1.7260384615384616 
1.1205 2.2698000000000005 1.925701960784314 2.285838961038962 1.5534346153846155 
1.2251166666666666 3.020597777777778 2.2081317647058825 2.575436883116884 2.273091153846154 
1.412605 3.4810380000000007 2.6685685882352943 2.497893194805196 2.1957820384615387 
1.5463445 3.4829342000000008 2.835045062745098 2.5662856935064946 2.3454346038461544 
1.74171005 4.109640780000001 2.5515405564705884 2.3096571241558452 2.4358911434615393 
1.7175390449999999 4.673676702000002 2.684621794941177 2.6479221809710296 2.4673020291153853 
1.5457851404999998 4.5875590318000015 2.416159615447059 2.3831299628739266 2.465016270648291 
1.9412066264499999 4.562136461953335 2.5189880983467976 2.4364836332532005 2.5366964617652803 
2.187085963805 4.655922815758001 2.708755955178785 2.776168603261214 2.4130268155887524 
2.2933773674245 4.376044819896487 2.8045470263275734 2.9735517429350926 2.430547663441642 
2.2265396306820504 4.050940337906838 2.990758990361483 3.0190537114987266 2.662492897097478 
2.0857038494320275 4.265846304116154 2.9805719802142234 2.8615927847932983 2.61499360738773 
2.007133464488825 4.121079855522721 2.795014782192801 2.6936153244957866 2.5159942466489573 
1.9921344037542281 3.858971869970449 2.515513303973521 2.5367537920462078 2.3462130038022435 
1.9729209633788052 3.906408016306737 2.2639619735761687 2.283078412841587 2.2297735216038372 
2.120073311485369 3.9157672146760634 2.294708633361409 2.254770571557428 2.4067961694434534 
2.3830659803368324 3.524190493208457 2.177737770025268 2.0292935144016853 2.3127832191657745 
2.678092715636483 3.496771443887612 2.059963993022741 1.8263641629615168 2.081504897249197 
2.735283444072835 3.472094299498851 2.113967593720467 1.7437277466653653 2.173354407524277 
2.4617550996655515 3.4794303240944204 1.9025708343484204 1.569354971998829 1.9560189667718495 
2.2155795896989963 3.2939872916849784 1.8980280366278641 1.412419474798946 1.7604170700946646 
1.9940216307290968 3.3245885625164804 1.7082252329650778 1.9211775273190517 1.7143753630851983 
1.9582558312925507 3.464856978992105 1.926291598557459 1.9090597745871465 1.5429378267766785 
1.7624302481632956 3.4001894629110763 1.993662438701713 1.848153797128432 1.4886440440990107 
1.586187223346966 3.7379482943977465 2.454296194831542 1.8204812745584462 1.4697796396891096 
1.4275685010122694 3.797486798291305 2.2088665753483876 1.7884331471026016 1.5828016757201988 
1.2848116509110425 3.742738118462175 1.9879799178135489 1.6095898323923414 1.424521508148179 
1.1563304858199384 3.554178592330243 1.789181926032194 1.8200594205816787 1.5420693573333613 
1.0406974372379445 3.816407791920748 1.8302637334289746 2.2880534785235107 1.469680603418207 
1.3699610268474833 3.9181003460620065 1.9615230743717915 2.497709669132698 1.6941411145049579 
1.232964924162735 4.2120045971700915 1.7653707669346124 2.4050815593622854 1.5997270030544621 
1.1096684317464616 4.340804137453082 2.022167023574484 2.164573403426057 1.749754302749016 
1.3887015885718155 4.14308736007141 1.8199503212170358 1.9481160630834513 1.5747788724741145 
1.737331429714634 4.312111957397603 1.7129552890953321 1.7533044567751062 1.6339676518933697 
1.5635982867431706 3.8809007616578426 1.5416597601857989 1.5779740110975955 1.588752704885851 
1.570874821705217 3.8109925036738765 1.4874937841672191 1.582676609987836 1.429877434397266 
1.8471206728680287 3.867393253306489 1.958744405750497 1.5688533934334967 1.4668896909575393 
1.662408605581226 3.75565392797584 1.9013315036369858 1.4119680540901471 1.5802007218617855 
1.4961677450231035 3.380088535178256 1.7111983532732873 1.2707712486811324 1.422180649675607 
1.476550970520793 3.1420796816604306 1.5400785179459586 1.1436941238130192 1.5688514735969354 
1.3288958734687137 2.8278717134943876 1.8194039994846962 1.7293247114317172 1.5852996595705753 
1.1960062861218423 2.8700845421449492 1.6374635995362266 1.5563922402885455 1.663133329977154 
1.463905657509658 2.849742754597121 1.733717239582604 2.1340863495930247 1.4968199969794387 
1.3175150917586922 2.9981018124707424 1.6353455156243435 2.020677714633722 1.3471379972814947 
1.185763582582823 2.828291631223668 1.4718109640619093 1.81860994317035 1.2624241975533455 
1.2116316687689852 2.8704624681013016 1.4871298676557185 1.7811933932977593 1.136181777798011 
1.0904685018920868 2.5834162212911713 1.3384168808901467 1.6030740539679833 1.02256360001821 
0.9814216517028781 2.325074599162054 1.2045751928011321 1.442766648571185 0.920307240016389 
0.8832794865325903 2.092567139245849 1.084117673521019 1.515156650380733 0.82827651601475 
0.9449515378793313 2.013310425321264 0.9757059061689171 1.3636409853426597 0.907948864413275 
0.8504563840913981 2.2919793827891377 0.9864686488853587 1.3139435534750603 1.0421539779719475 
1.0404107456822582 2.212781444510224 0.8878217839968229 1.4611206266989827 1.377938580174753 
1.2181878529322143 2.208169966725868 0.7990396055971406 1.5968267458472662 1.3701447221572778 
1.096369067638993 1.9873529700532813 0.7191356450374266 1.4371440712625396 1.45313024994155 
1.1492321608750937 1.9171891016193818 0.6472220805336839 1.2934296641362857 1.389067224947395 
1.3161271266057661 2.3754701914574436 0.6824998724803155 1.4004503340862935 1.5193912716834246 
1.1845144139451895 2.1379231723116994 0.614249885232284 1.260405300677664 1.3674521445150822 
1.0660629725506705 2.3574641884138625 0.5528248967090555 1.3200790563241835 1.3125251118817558 
0.9594566752956035 2.2842177695724764 0.49754240703815 1.3062529688735833 1.1812726006935803 
0.8635110077660432 2.173977810797047 0.5777881663343349 1.4756276719862251 1.0631453406242224 
0.9396599069894388 2.306580029717342 0.5200093497009015 1.4363982381209361 1.3901641398951337 
0.845693916290495 2.075922026745608 0.4680084147308114 1.461989183539612 1.344004868762763 
0.7611245246614454 2.1283298240710478 0.4212075732577303 1.4991235985189841 1.2096043818864868 
0.8350120721953009 2.2869254130925145 0.37908681593195726 1.518442007897855 1.0886439436978381 
0.7515108649757709 2.058232871783263 0.34117813433876154 1.3665978071080696 0.9797795493280543 
0.8388597784781938 2.0149095846049367 0.3070603209048854 1.2299380263972626 0.881801594395249 
0.7549738006303744 2.0497822625080797 0.27635428881439683 1.1069442237575364 0.7936214349557241 
0.679476420567337 2.216232607685843 0.24871885993295714 1.15339265852464 0.8324411096419699 
0.6115287785106034 2.2390537913617035 0.22384697393966144 1.2433165505669128 1.024196998677773 
0.5503759006595431 2.015148412225533 0.2014622765456953 1.2008030773284033 1.1074915845242814 
0.6810525963078745 1.935855793225202 0.18131604889112576 1.3170864059591993 1.21340909273852 
0.6129473366770871 1.842270213902682 0.16318444400201318 1.1853777653632795 1.092068183464668 
0.5516526030093785 1.758043192512414 0.14686599960181188 1.0668399888269515 1.112861365118201 
0.49648734270844064 1.6384888732611727 0.1321793996416307 0.9601559899442564 1.001575228606381 
0.4468386084375966 1.5829733192683888 0.11896145967746763 1.0085848353942752 0.9657034200314573 
0.40215474759383696 1.517533130198693 0.10706531370972087 0.9077263518548477 0.8691330780283115 
0.5419392728344532 1.5124464838454905 0.09635878233874878 1.016953716669363 0.7822197702254804 
0.4877453455510079 1.3612018354609414 0.0867229041048739 0.9152583450024266 0.7039977932029323 
0.4389708109959071 1.7050816519148473 0.07805061369438651 0.823732510502184 0.6335980138826391 
0.3950737298963164 1.8698676043704214 0.07024555232494786 0.8013592594519656 0.5702382124943752 
0.35556635690668476 1.6828808439333793 0.06322099709245307 0.721223333506769 0.5132143912449377 
0.3200097212160163 1.6270927595400415 0.05689889738320777 0.6491010001560922 0.46189295212044396 
0.43245319353885914 1.6165573966295157 0.05120900764488699 0.684190900140483 0.41570365690839955 
0.3892078741849732 1.4549016569665643 0.04608810688039829 0.7157718101264346 0.3741332912175596 
0.3502870867664759 1.509411491269908 0.04147929619235846 0.6441946291137912 0.3367199620958037 
0.3152583780898283 1.5384703421429171 0.03733136657312262 0.5797751662024121 0.30304796588622335 
0.2837325402808455 1.5375644843992138 0.03359822991581036 0.6399794677639891 0.272743169297601 
0.43535928625276094 1.3838080359592924 0.030238406924229324 0.6626481876542568 0.5054688523678409 
0.3918233576274848 1.245427232363363 0.027214566231806393 0.5963833688888311 0.4549219671310568 
0.35264102186473634 1.1708845091270268 0.024493109608625753 0.536745031999948 0.69831865930684 
0.3173769196782627 1.0537960582143242 0.02204379864776318 0.48307052879995327 0.628486793376156 
0.2856392277104364 0.9484164523928919 0.019839418782986864 0.43476347591995795 0.6474562958567222 
0.2570753049393928 0.8535748071536027 0.017855476904688177 0.39128712832796214 0.58271066627105 
0.2313677744454535 0.7682173264382425 0.01606992921421936 0.3521584154951659 0.5244395996439449 
0.3526754414453526 0.6913955937944183 0.014462936292797426 0.31694257394564934 0.47199563967955044 
0.31740789730081737 0.6222560344149765 0.013016642663517684 0.2852483165510844 0.5060460757115954 
0.522030743934372 0.5600304309734788 0.011714978397165916 0.25672348489597596 0.5421081348071026 
0.4698276695409348 0.6325988164475596 0.010543480557449324 0.23105113640637837 0.48789732132639235 
0.5228449025868414 0.6443389348028036 0.009489132501704392 0.20794602276574053 0.5691075891937531 
0.4705604123281572 0.7424050413225232 0.008540219251533953 0.1871514204891665 0.5121968302743779 
0.5318377044286748 0.8181645371902709 0.0076861973263805585 0.16843627844024986 0.4609771472469401 
0.47865393398580736 0.854529901653062 0.0069175775937425025 0.15159265059622487 0.4148794325222461 
0.43078854058722665 0.7690769114877558 0.006225819834368252 0.1364333855366024 0.3733914892700215 
0.387709686528504 0.8980515732801566 0.005603237850931427 0.5561233803162755 0.49855234034301943 
0.3489387178756536 0.808246415952141 0.005042914065838284 0.5005110422846479 0.593141550753162 
0.31404484608808825 0.7274217743569269 0.004538622659254456 0.4504599380561832 0.6520092138596639 
0.28264036147927946 0.6546795969212342 0.004084760393329011 0.4054139442505649 0.7168082924736976 
0.2543763253313515 0.5892116372291109 0.0036762843539961095 0.3648725498255084 0.6451274632263279 
0.22893869279821638 0.5302904735061997 0.0033086559185964985 0.32838529484295753 0.580614716903695 
0.20604482351839476 0.47726142615557976 0.0029777903267368486 0.2955467653586618 0.5225532452133256 
0.18544034116655528 0.4295352835400218 0.002680011294063164 0.2659920888227956 0.47029792069199305 
0.16689630704989974 0.3865817551860196 0.0024120101646568476 0.23939287994051606 0.4232681286227938 
0.15020667634490978 0.34792357966741766 0.002170809148191163 0.21545359194646446 0.38094131576051443 
0.3951860087104188 0.3131312217006759 0.0019537282333720466 0.193908232751818 0.34284718418446297 
0.35566740783937695 0.7151514328639417 0.0017583554100348419 0.17451740947663621 0.3085624657660167 
0.32010066705543927 0.6436362895775475 0.0015825198690313576 0.1570656685289726 0.277706219189415 
0.41809060034989537 0.6792726606197927 0.001424267882128222 0.40135910167607536 0.24993559727047351 
0.37628154031490585 1.0446787278911467 0.0012818410939153997 0.3612231915084678 0.22494203754342618 
0.4686533862834153 1.0485441884353655 0.0011536569845238597 0.32510087235762103 0.20244783378908357 
0.4217880476550738 1.061871587773647 0.0010382912860714738 0.29259078512185893 0.1822030504101752 
0.3796092428895664 0.9556844289962824 9.344621574643265E-4 0.26333170660967303 0.1639827453691577 
0.34164831860060974 0.8601159860966542 8.410159417178938E-4 0.23699853594870574 0.14758447083224194 
0.30748348674054876 0.7741043874869887 7.569143475461044E-4 0.21329868235383517 0.13282602374901775 
0.2767351380664939 0.6966939487382898 6.81222912791494E-4 0.19196881411845165 0.11954342137411599 
0.24906162425984452 0.6270245538644609 6.131006215123446E-4 0.17277193270660648 0.10758907923670438 
0.22415546183386006 0.5643220984780148 5.517905593611102E-4 0.15549473943594583 0.09683017131303395 
0.3461843600949185 0.5078898886302133 4.966115034249992E-4 0.13994526549235126 0.08714715418173057 
0.31156592408542666 0.45710089976719204 4.4695035308249927E-4 0.12595073894311615 0.07843243876355752 
0.280409331676884 0.4113908097904728 4.0225531777424937E-4 0.11335566504880454 0.07058919488720176 
0.25236839850919557 0.37025172881142554 3.620297859968244E-4 0.10202009854392409 0.06353027539848159 
0.22713155865827603 0.333226555930283 3.2582680739714196E-4 0.09181808868953169 0.057177247858633436 
0.20441840279244844 0.2999039003372547 2.932441266574278E-4 0.08263627982057851 0.051459523072770096 
0.1839765625132036 0.2699135103035293 2.63919713991685E-4 0.07437265183852067 0.046313570765493084 
0.16557890626188324 0.24292215927317637 2.375277425925165E-4 0.0669353866546686 0.04168221368894378 
0.14902101563569492 0.2786299433458587 2.1377496833326485E-4 0.060241847989201736 0.0375139923200494 
0.21058950230741955 0.25076694901127283 1.9239747149993837E-4 0.05421766319028156 0.03376259308804446 
0.2617527742988998 0.35569025411014554 1.7315772434994454E-4 0.04879589687125341 0.030386333779240014 
0.3403394016309146 1.2367878953657976 1.558419519149501E-4 0.04391630718412807 0.027347700401316014 
0.5663054614678231 1.3867933163555337 1.4025775672345508E-4 0.03952467646571526 0.024612930361184414 
0.5096749153210408 1.2481139847199805 1.2623198105110958E-4 0.03557220881914373 0.022151637325065972 
0.527938193019706 1.3313025862479824 1.1360878294599862E-4 0.03201498793722936 0.019936473592559376 
0.47514437371773544 1.266593380254763 1.0224790465139875E-4 0.028813489143506423 0.017942826233303438 
0.4276299363459619 1.2875530898483343 9.202311418625887E-5 0.02593214022915578 0.016148543609973094 
0.38486694271136573 1.2107977808635009 8.282080276763299E-5 0.0233389262062402 0.014533689248975785 
0.3463802484402292 1.089718002777151 7.45387224908697E-5 0.021005033585616183 0.013080320324078206 
0.3117422235962063 0.9807462024994359 6.708485024178274E-5 0.018904530227054565 0.011772288291670386 
0.5405680012365857 0.9755287251066351 6.037636521760446E-5 0.01701407720434911 0.010595059462503349 
0.4865112011129271 0.9342258525959717 5.4338728695844016E-5 0.0153126694839142 0.009535553516253015 
0.5560418991834526 1.024136600669708 4.890485582625962E-5 0.01378140253552278 0.008581998164627713 
0.5004377092651073 0.9217229406027372 4.401437024363365E-5 0.012403262281970502 0.007723798348164942 
0.4503939383385966 0.8886415556333725 3.9612933219270286E-5 0.011162936053773453 0.006951418513348448 
0.40535454450473696 0.7997774000700353 3.565163989734326E-5 0.010046642448396108 0.0062562766620136035 
0.3648190900542633 0.8126568029201746 3.208647590760893E-5 0.009041978203556497 0.005630648995812244 
0.41500384771550364 0.979217209584679 2.887782831684804E-5 0.008137780383200848 0.00506758409623102 
0.37350346294395326 0.974152631483354 2.5990045485163237E-5 0.007324002344880764 0.004560825686607918 
0.33615311664955794 0.9309040350016853 2.3391040936646915E-5 0.006591602110392688 0.004104743117947126 
0.30253780498460214 0.9678136315015168 2.1051936842982225E-5 0.00593244189935342 0.0036942688061524136 
0.2722840244861419 0.8710322683513652 1.8946743158684003E-5 0.0053391977094180785 0.0033248419255371723 
0.24505562203752773 0.8482147558019429 1.7052068842815602E-5 0.004805277938476271 0.0029923577329834554 
0.22055005983377496 0.7633932802217487 1.5346861958534044E-5 0.004324750144628644 0.0026931219596851097 
0.19849505385039748 0.844196809342431 1.381217576268064E-5 0.0038922751301657794 0.002423809763716599 
0.24787631769612697 0.8362477166434821 1.2430958186412577E-5 0.0035030476171492016 0.0021814287873449393 
0.3230886859265143 0.7526229449791338 1.1187862367771319E-5 0.0031527428554342816 0.0019632859086104455 
0.2907798173338629 0.6773606504812205 1.0069076130994187E-5 0.0028374685698908534 0.001766957317749401 
0.2617018356004766 0.6096245854330985 9.062168517894769E-6 0.002553721712901768 0.001590261585974461 
0.23553165204042895 0.5486621268897887 8.155951666105292E-6 0.0022983495416115914 0.001431235427377015 
0.3419784868363861 0.4937959142008098 7.340356499494763E-6 0.0020685145874504325 0.0012881118846393134 
0.3077806381527475 0.520886911016023 6.606320849545287E-6 0.0018616631287053894 0.0011593006961753821 
0.3243709953901043 0.5616553627715636 5.945688764590759E-6 0.0016754968158348505 0.0010433706265578439 
0.29193389585109386 0.5054898264944072 5.351119888131683E-6 0.0015079471342513654 9.390335639020595E-4 
0.2627405062659845 0.4549408438449665 4.816007899318515E-6 0.0013571524208262288 8.451302075118535E-4 
0.23646645563938606 0.4094467594604699 4.3344071093866636E-6 0.001221437178743606 7.606171867606682E-4 
0.29948647674211415 0.3685020835144229 3.900966398447997E-6 0.0010992934608692454 6.845554680846015E-4 
0.26953782906790275 0.3316518751629806 3.5108697586031975E-6 9.89364114782321E-4 6.160999212761414E-4 
0.24258404616111248 0.29848668764668257 3.1597827827428778E-6 8.904277033040889E-4 5.544899291485272E-4 
0.21832564154500123 0.26863801888201433 2.84380450446859E-6 8.0138493297368E-4 4.990409362336745E-4 
0.19649307739050112 0.4274885027080986 2.5594240540217313E-6 7.21246439676312E-4 4.491368426103071E-4 
0.17684376965145102 0.38473965243728875 2.3034816486195584E-6 6.491217957086808E-4 4.042231583492764E-4 
0.1591593926863059 0.3462656871935599 2.0731334837576025E-6 5.842096161378128E-4 3.6380084251434877E-4 
0.14324345341767533 0.3116391184742039 1.8658201353818423E-6 5.257886545240316E-4 3.274207582629139E-4 
0.1289191080759078 0.2804752066267835 1.6792381218436582E-6 4.732097890716284E-4 2.9467868243662255E-4 
0.11602719726831703 0.25242768596410514 1.5113143096592925E-6 4.2588881016446554E-4 2.6521081419296033E-4 
0.10442447754148533 0.335518250701028 1.3601828786933632E-6 3.8329992914801897E-4 2.386897327736643E-4 
0.0939820297873368 0.3019664256309252 1.2241645908240268E-6 3.449699362332171E-4 2.1482075949629786E-4 
0.08458382680860313 0.27176978306783267 1.1017481317416241E-6 3.1047294260989536E-4 1.933386835466681E-4 
0.2061254441277428 0.3445928047610494 9.915733185674618E-7 2.7942564834890584E-4 1.740048151920013E-4 
0.18551289971496854 0.4387049528563731 8.924159867107157E-7 2.5148308351401525E-4 1.5660433367280116E-4 
0.16696160974347168 0.3948344575707358 8.031743880396442E-7 2.2633477516261372E-4 1.4094390030552106E-4 
0.1502654487691245 0.35535101181366224 7.228569492356797E-7 2.0370129764635234E-4 1.2684951027496896E-4 
0.13523890389221208 0.31981591063229603 6.505712543121117E-7 1.833311678817171E-4 1.1416455924747206E-4 
0.12171501350299087 0.2878343195690664 5.855141288809006E-7 1.649980510935454E-4 1.0274810332272486E-4 
0.10954351215269179 0.2590508876121598 5.269627159928106E-7 1.4849824598419086E-4 9.247329299045238E-5 
0.0985891609374226 0.2331457988509438 4.742664443935295E-7 1.3364842138577178E-4 8.322596369140714E-5 
0.08873024484368035 0.20983121896584941 4.2683979995417657E-7 1.202835792471946E-4 7.490336732226643E-5 
0.07985722035931231 0.18884809706926448 3.841558199587589E-7 1.0825522132247514E-4 6.741303059003979E-5 
0.07187149832338108 0.16996328736233804 3.4574023796288306E-7 9.742969919022763E-5 6.067172753103581E-5 
0.2503986342053287 0.15296695862610424 3.1116621416659474E-7 8.768672927120487E-5 5.460455477793223E-5 
0.22535877078479585 0.1376702627634938 2.8004959274993526E-7 7.891805634408438E-5 4.914409930013901E-5 
0.20282289370631626 0.12390323648714444 2.5204463347494175E-7 7.102625070967594E-5 4.422968937012511E-5 
0.18254060433568464 0.11151291283843 2.268401701274476E-7 6.392362563870835E-5 3.98067204331126E-5 
0.1642865439021162 0.100361621554587 2.0415615311470284E-7 5.753126307483752E-5 3.582604838980134E-5 
0.14785788951190457 0.0903254593991283 1.8374053780323255E-7 5.177813676735377E-5 3.224344355082121E-5 
0.1330721005607141 0.08129291345921547 1.6536648402290929E-7 4.6600323090618395E-5 2.901909919573909E-5 
0.1197648905046427 0.07316362211329393 1.4882983562061837E-7 4.194029078155656E-5 2.6117189276165183E-5 
0.10778840145417844 0.06584725990196454 1.3394685205855655E-7 3.77462617034009E-5 2.3505470348548666E-5 
0.0970095613087606 0.059262533911768084 1.205521668527009E-7 3.397163553306081E-5 2.11549233136938E-5 
0.08730860517788454 0.05333628052059128 1.084969501674308E-7 3.0574471979754734E-5 1.903943098232442E-5 
0.07857774466009608 0.04800265246853215 9.764725515068773E-8 2.751702478177926E-5 1.7135487884091977E-5 
0.07071997019408648 0.043202387221678934 8.788252963561896E-8 2.4765322303601333E-5 1.542193909568278E-5 
0.06364797317467782 0.03888214849951104 7.909427667205707E-8 2.22887900732412E-5 1.38797451861145E-5 
0.057283175857210045 0.03499393364955994 7.118484900485136E-8 2.005991106591708E-5 1.2491770667503051E-5 
0.05155485827148904 0.031494540284603946 6.406636410436622E-8 1.8053919959325374E-5 1.1242593600752747E-5 
0.046399372444340135 0.028345086256143553 5.76597276939296E-8 1.6248527963392837E-5 1.0118334240677472E-5 
0.041759435199906124 0.025510577630529198 5.189375492453664E-8 1.4623675167053554E-5 9.106500816609724E-6 
0.03758349167991551 0.02295951986747628 4.670437943208298E-8 1.3161307650348198E-5 8.195850734948752E-6 
0.03382514251192396 0.02066356788072865 4.203394148887468E-8 1.1845176885313379E-5 7.376265661453877E-6 
0.03044262826073156 0.018597211092655785 3.7830547339987214E-8 1.0660659196782041E-5 6.63863909530849E-6 
0.027398365434658404 0.016737489983390207 3.404749260598849E-8 9.594593277103837E-6 5.974775185777641E-6 
0.024658528891192563 0.015063740985051187 3.064274334538964E-8 8.635133949393454E-6 5.377297667199876E-6 
0.022192676002073308 0.013557366886546069 2.757846901085068E-8 7.771620554454108E-6 4.8395679004798885E-6 
0.01997340840186598 0.012201630197891462 2.482062210976561E-8 6.994458499008697E-6 4.3556111104319E-6 
0.017976067561679382 0.010981467178102316 2.233855989878905E-8 6.295012649107828E-6 3.92004999938871E-6 
0.016178460805511444 0.009883320460292085 2.0104703908910145E-8 5.665511384197045E-6 3.5280449994498387E-6 
0.0145606147249603 0.008894988414262877 1.809423351801913E-8 5.098960245777341E-6 3.1752404995048547E-6 
0.01310455325246427 0.00800548957283659 1.6284810166217218E-8 4.589064221199607E-6 2.857716449554369E-6 
0.011794097927217842 0.0072049406155529315 1.4656329149595496E-8 4.130157799079646E-6 2.571944804598932E-6 
0.010614688134496059 0.006484446553997638 1.3190696234635946E-8 3.7171420191716817E-6 2.314750324139039E-6 
0.009553219321046453 0.0058360018985978744 1.1871626611172352E-8 3.3454278172545137E-6 2.083275291725135E-6 
0.008597897388941808 0.005252401708738087 1.0684463950055116E-8 3.0108850355290626E-6 1.8749477625526215E-6 
0.007738107650047627 0.004727161537864278 9.616017555049605E-9 2.7097965319761564E-6 1.6874529862973595E-6 
0.0069642968850428645 0.00425444538407785 8.654415799544645E-9 2.438816878778541E-6 1.5187076876676235E-6 
0.006267867196538578 0.003829000845670065 7.788974219590181E-9 2.194935190900687E-6 1.3668369189008611E-6 
0.00564108047688472 0.0034461007611030587 7.010076797631163E-9 1.9754416718106184E-6 1.230153227010775E-6 
0.005076972429196248 0.0031014906849927528 6.309069117868047E-9 1.7778975046295566E-6 1.1071379043096975E-6 
0.004569275186276623 0.0027913416164934775 5.6781622060812425E-9 1.600107754166601E-6 9.964241138787279E-7 
0.004112347667648961 0.0025122074548441296 5.110345985473118E-9 1.4400969787499408E-6 8.967817024908551E-7 
0.003701112900884065 0.002260986709359717 4.599311386925806E-9 1.2960872808749467E-6 8.071035322417696E-7 
0.0033310016107956585 0.002034888038423745 4.139380248233225E-9 1.1664785527874521E-6 7.263931790175927E-7 
0.002997901449716093 0.0018313992345813704 3.725442223409903E-9 1.049830697508707E-6 6.537538611158335E-7 
0.0026981113047444836 0.0016482593111232335 3.3528980010689126E-9 9.448476277578363E-7 5.883784750042501E-7 
0.0024283001742700355 0.0014834333800109103 3.0176082009620215E-9 8.503628649820527E-7 5.295406275038251E-7 
0.002185470156843032 0.0013350900420098192 2.7158473808658192E-9 7.653265784838474E-7 4.765865647534426E-7 
0.001966923141158729 0.0012015810378088372 2.4442626427792373E-9 6.887939206354627E-7 4.289279082780984E-7 
0.001770230827042856 0.0010814229340279536 2.1998363785013135E-9 6.199145285719164E-7 3.8603511745028854E-7 
0.0015932077443385705 9.732806406251583E-4 1.9798527406511824E-9 5.579230757147248E-7 3.474316057052597E-7 
0.0014338869699047135 8.759525765626424E-4 1.7818674665860642E-9 5.021307681432523E-7 3.126884451347337E-7 
0.0012904982729142422 7.883573189063781E-4 1.6036807199274578E-9 4.5191769132892706E-7 2.8141960062126036E-7 
0.001161448445622818 7.095215870157403E-4 1.443312647934712E-9 4.0672592219603436E-7 2.5327764055913435E-7 
