1.5382352941176471 2.3249999999999997 1.3350000000000002 
1.5191943734015347 2.4470454545454543 1.4707307692307694 
1.6365057052921506 2.6423409090909087 1.5403243589743592 
1.6506329125407133 2.578106818181818 1.5162919230769232 
1.6821213454245731 2.470296136363636 1.477162730769231 
1.7430758775487827 2.2232665227272728 1.6112646395104897 
1.625290028924339 2.1509398704545455 1.5429953184165837 
1.6127610260319054 1.935845883409091 1.5186957865749253 
1.6652780268769907 2.002261295068182 1.9052877463789715 
1.8667502241892917 2.083853347379546 2.1758700828521853 
1.7680752017703627 2.308801345974925 2.1511402174241097 
1.5912676815933264 2.3379212113774326 2.1217404813959844 
1.4921409134339938 2.320795756906356 1.9738521475421003 
1.389355393519166 2.0887161812157204 1.9064669327878905 
1.4054198541672496 2.0423445630941486 1.8783202395091017 
1.308211202083858 1.8381101067847339 1.9793771044470805 
1.2288186533040437 1.9142990961062605 1.7814393940023725 
1.1059367879736395 1.7228691864956345 1.6032954546021352 
1.0553431091762755 1.713082267846071 1.8229659091419217 
0.9819516554015051 1.866774041061464 1.7335264610848724 
0.8837564898613546 1.7982784551371358 1.5601738149763853 
0.9176030630974413 2.0584506096234225 1.5570976099493352 
0.9221390530839936 2.0776055486610803 1.6377514853180382 
0.9358075007167707 1.8698449937949724 1.8177263367862344 
0.9614575198758628 1.8995271610821418 1.835953703107611 
1.2453117678882766 2.0345744449739276 1.9666440470825641 
1.170780591099449 1.831117000476535 1.8699796423743078 
1.3232677493808085 1.6480053004288815 1.899648344803544 
1.2721909744427278 1.9165381037193268 1.7861540985584836 
1.2171940992206771 2.049884293347394 1.9575386887026354 
1.3476486023420877 1.8448958640126547 1.7617848198323718 
1.2719746511987882 1.6604062776113893 1.5856063378491347 
1.2212477743142034 1.6568656498502505 1.4270457040642213 
1.2784333417103693 1.707845751531892 1.2843411336577992 
1.1934471503964752 1.537061176378703 1.3392403536253528 
1.2647274353568279 1.5277995031852771 1.2053163182628175 
1.1655274190938725 1.3750195528667495 1.184784686436536 
1.1156413438511519 1.2375175975800745 1.3551951066817713 
1.0040772094660366 1.1137658378220672 1.301493777831776 
0.903669488519433 1.0023892540398605 1.1713444000485986 
0.8133025396674897 0.9021503286358744 1.054209960043739 
0.8236389523674074 0.811935295772287 1.1487889640393651 
0.837571353426963 0.7307417661950583 1.2505767343020953 
0.8913142180842668 0.6576675895755525 1.233852394205219 
0.8901827962758401 0.5919008306179973 1.1104671547846972 
0.801164516648256 0.5327107475561975 0.9994204393062275 
0.7210480649834304 0.47943967280057775 1.0294783953756048 
0.7956099251517541 0.43149570552051997 1.0447123740198625 
0.8449963010576313 1.038346134968468 1.1589911366178762 
0.839284549739747 0.9345115214716212 1.1612738411379069 
0.9249213121570766 1.1660603693244591 1.0451464570241162 
0.8805773290895171 1.0494543323920131 1.1098625805524738 
0.8344550800515332 0.9445088991528119 1.3238763224972265 
0.75100957204638 1.1500580092375308 1.251488690247504 
0.7300752815084087 1.0350522083137776 1.3430064878894203 
0.6570677533575678 0.9315469874824 1.3531502835449227 
0.6476109780218111 0.8383922887341599 1.2178352551904306 
0.8144288275880511 2.054553059860744 1.0960517296713876 
0.8629859448292461 2.1090977538746696 1.1721608424185346 
0.9766873503463216 1.8981879784872027 1.054944758176681 
0.8790186153116895 1.7083691806384824 0.949450282359013 
0.9911167537805206 1.754198929241301 1.2420052541231117 
0.9393734994551002 1.578779036317171 1.1178047287108006 
0.8454361495095902 1.420901132685454 1.0060242558397205 
0.8801233037894005 1.4645253051311944 0.9054218302557485 
0.9871109734104604 1.5037870603323606 0.8148796472301737 
0.935768297122046 1.6134083542991247 0.7333916825071564 
0.9378436413228849 1.6965119633136567 1.4850525142564408 
0.9253092771905964 1.743527433648958 1.6615472628307968 
0.8327783494715368 1.7491746902840621 1.6037258698810506 
0.8307505145243832 1.574257221255656 1.4433532828929456 
0.8343421297386115 1.9043314991300906 1.299017954603651 
0.7509079167647504 2.0388983492170816 1.3548304448575716 
0.7686742679454183 2.05167518096204 1.2193474003718145 
0.8760173674666659 2.196507662865836 1.4863015492235219 
0.7884156307199993 2.1625711822935383 1.5001713943011699 
0.7095740676479994 2.0763140640641846 1.350154254871053 
0.6977075699741085 1.8686826576577662 1.2151388293839478 
0.6279368129766977 1.6818143918919897 1.093624946445553 
0.6373653539012502 1.5136329527027907 0.9842624518009977 
0.6236288185111252 1.3622696574325117 0.9725028732875646 
0.6770554103442232 1.4427093583559274 1.1502525859588082 
0.609349869309801 1.2984384225203347 1.0352273273629273 
0.5484148823788209 1.1685945802683013 1.0617045946266346 
0.49357339414093876 1.0517351222414713 0.9555341351639711 
0.4442160547268449 1.3798949433506575 0.859980721647574 
0.3997944492541604 1.4419054490155918 0.8921644676646348 
0.35981500432874436 1.2977149041140326 0.8029480208981713 
0.32383350389586996 1.1679434137026294 0.8408350369901724 
0.29145015350628295 1.0511490723323664 0.7567515332911552 
0.26230513815565465 0.9460341650991299 0.789409713295373 
0.2360746243400892 1.0139307485892168 0.7104687419658358 
0.21246716190608028 0.9125376737302952 0.6394218677692523 
0.19122044571547225 0.8212839063572657 0.7611939667066128 
0.17209840114392502 0.7391555157215391 0.7717412367026182 
0.2730703792113507 0.7834217823312034 0.7874242558894993 
0.24576334129021563 0.7050796040980831 0.7086818303005493 
0.22118700716119408 0.6345716436882748 0.6378136472704944 
0.28031830644507466 0.5711144793194474 0.6606989492101116 
0.2522864758005672 0.5140030313875027 0.5946290542891005 
0.22705782822051046 0.4626027282487524 0.5351661488601904 
0.3510187120651261 0.4163424554238772 0.5459352482598857 
0.460361285303058 0.3747082098814895 0.49134172343389715 
0.41432515677275217 0.33723738889334054 0.44220755109050747 
0.46748723569007156 0.3035136500040065 0.7868756848703456 
0.4207385121210644 0.27316228500360584 0.7081881163833111 
0.37866466090895795 0.24584605650324526 0.63736930474498 
0.3407981948180622 0.22126145085292073 0.573632374270482 
0.30671837533625596 0.19913530576762867 0.6607135812878783 
0.4128886430657883 0.4042217751908658 0.6668644453813126 
0.3715997787592095 0.3637995976717792 0.6766485890784755 
0.33443980088328856 0.3274196379046013 0.6089837301706279 
0.30099582079495973 0.2946776741141412 0.5480853571535651 
0.27089623871546376 0.2652099067027271 0.4932768214382086 
0.24380661484391739 0.2386889160324544 0.4439491392943878 
0.21942595335952564 0.21482002442920897 0.399554225364949 
0.19748335802357309 0.19333802198628808 0.4595988028284541 
0.1777350222212158 0.1740042197876593 0.4136389225456087 
0.15996151999909422 0.15660379780889336 0.3722750302910478 
0.1848744589082757 0.14094341802800403 0.33504752726194303 
0.2254779221083572 0.12684907622520364 0.30154277453574874 
0.2029301298975215 0.11416416860268327 0.4338884970821739 
0.31263711690776935 0.10274775174241495 0.39049964737395654 
0.3897067385503258 0.09247297656817345 0.3514496826365609 
0.3507360646952932 0.08322567891135611 0.3163047143729048 
0.3156624582257639 0.0749031110202205 0.28467424293561433 
0.2840962124031875 0.06741279991819846 0.2562068186420529 
0.25568659116286874 0.06067151992637861 0.23058613677784762 
0.23011793204658187 0.05460436793374075 0.20752752310006287 
0.2071061388419237 0.04914393114036668 0.18677477079005658 
0.18639552495773132 0.04422953802633001 0.16809729371105092 
0.20108930579529152 0.03980658422369701 0.15128756433994583 
0.18098037521576238 0.03582592580132731 0.13615880790595125 
0.16288233769418614 0.03224333322119458 0.12254292711535612 
0.14659410392476754 0.029018999899075124 0.11028863440382052 
0.1319346935322908 0.02611709990916761 0.09925977096343847 
0.16067670805002945 0.02350538991825085 0.08933379386709463 
0.17974417238016166 0.021154850926425765 0.34040041448038516 
0.1617697551421455 0.01903936583378319 0.30636037303234664 
0.14559277962793096 0.01713542925040487 0.275724335729112 
0.18303350166513788 0.015421886325364384 0.24815190215620078 
0.1647301514986241 0.013879697692827946 0.22333671194058072 
0.1482571363487617 0.012491727923545151 0.20100304074652264 
0.13343142271388553 0.011242555131190636 0.18090273667187037 
0.12008828044249698 0.010118299618071572 0.16281246300468333 
0.10807945239824727 0.009106469656264415 0.146531216704215 
0.09727150715842255 0.008195822690637974 0.13187809503379352 
0.13087768977591363 0.007376240421574177 0.11869028553041418 
0.11778992079832228 0.006638616379416759 0.10682125697737276 
0.10601092871849005 0.005974754741475083 0.09613913127963548 
0.09540983584664105 0.0053772792673275754 0.08652521815167194 
0.08586885226197695 0.004839551340594818 0.07787269633650475 
0.07728196703577926 0.004355596206535336 0.07008542670285427 
0.06955377033220134 0.003920036585881803 0.06307688403256884 
0.09870950441009232 0.003528032927293623 0.05676919562931195 
0.11205283968336881 0.003175229634564261 0.051092276066380754 
0.10084755571503193 0.002857706671107835 0.04598304845974268 
0.09076280014352874 0.0025719360039970513 0.22709902932805415 
0.08168652012917586 0.0023147424035973464 0.20438912639524873 
0.07351786811625828 0.002083268163237612 0.18395021375572385 
0.06616608130463246 0.0018749413469138507 0.27388852571348477 
0.05954947317416921 0.0016874472122224656 0.2464996731421363 
0.05359452585675229 0.001518702491000219 0.22184970582792268 
0.04823507327107706 0.0013668322419001973 0.19966473524513043 
0.04341156594396935 0.0012301490177101776 0.1796982617206174 
0.03907040934957242 0.0011071341159391598 0.16172843554855565 
0.035163368414615176 9.964207043452438E-4 0.2220261802289942 
0.03164703157315366 8.967786339107195E-4 0.1998235622060948 
0.028482328415838296 8.071007705196476E-4 0.1798412059854853 
0.025634095574254466 7.263906934676828E-4 0.16185708538693677 
0.02307068601682902 6.537516241209146E-4 0.1456713768482431 
0.02076361741514612 5.883764617088231E-4 0.1311042391634188 
0.018687255673631508 5.295388155379409E-4 0.11799381524707692 
0.1612629745507128 4.765849339841468E-4 0.10619443372236922 
0.14513667709564154 4.289264405857321E-4 0.09557499035013231 
0.16575814452121254 3.8603379652715894E-4 0.08601749131511909 
0.1491823300690913 3.4743041687444303E-4 0.07741574218360718 
0.13426409706218217 3.1268737518699873E-4 0.06967416796524646 
0.12083768735596397 2.814186376682989E-4 0.06270675116872182 
0.10875391862036757 2.53276773901469E-4 0.05643607605184964 
0.09787852675833081 2.279490965113221E-4 0.05079246844666468 
0.08809067408249772 2.051541868601899E-4 0.045713221601998213 
0.07928160667424795 1.846387681741709E-4 0.04114189944179839 
0.07135344600682315 1.661748913567538E-4 0.037027709497618556 
0.06421810140614084 1.4955740222107844E-4 0.0333249385478567 
0.05779629126552676 1.346016619989706E-4 0.029992444693071035 
0.05201666213897409 1.2114149579907353E-4 0.026993200223763933 
0.04681499592507668 1.0902734621916618E-4 0.02429388020138754 
0.04213349633256901 9.812461159724957E-5 0.021864492181248786 
0.03792014669931211 8.831215043752461E-5 0.019678042963123907 
0.0341281320293809 7.948093539377216E-5 0.017710238666811515 
0.06785817596929995 7.153284185439494E-5 0.015939214800130365 
0.06107235837236996 6.437955766895545E-5 0.014345293320117329 
0.054965122535132964 5.7941601902059904E-5 0.012910763988105596 
0.04946861028161967 5.2147441711853916E-5 0.011619687589295036 
0.044521749253457706 4.693269754066853E-5 0.010457718830365533 
0.04006957432811194 4.2239427786601674E-5 0.00941194694732898 
0.03606261689530074 3.801548500794151E-5 0.008470752252596083 
0.03245635520577067 3.421393650714736E-5 0.007623677027336475 
0.029210719685193603 3.079254285643263E-5 0.006861309324602828 
0.026289647716674244 2.771328857078937E-5 0.006175178392142545 
0.023660682945006818 2.4941959713710433E-5 0.005557660552928291 
0.02129461465050614 2.244776374233939E-5 0.005001894497635462 
0.019165153185455527 2.0202987368105453E-5 0.0045017050478719164 
0.017248637866909975 1.8182688631294908E-5 0.004051534543084725 
0.015523774080218978 1.636441976816542E-5 0.003646381088776252 
0.01397139667219708 1.4727977791348877E-5 0.003281742979898627 
0.012574257004977373 1.325518001221399E-5 0.0029535686819087644 
0.011316831304479635 1.1929662010992592E-5 0.002658211813717888 
0.010185148174031673 1.0736695809893332E-5 0.0023923906323460994 
0.009166633356628505 9.663026228904E-6 0.0021531515691114896 
0.008249970020965655 8.6967236060136E-6 0.0019378364122003406 
0.00742497301886909 7.82705124541224E-6 0.0017440527709803066 
0.006682475716982181 7.044346120871017E-6 0.001569647493882276 
0.006014228145283964 6.339911508783915E-6 0.0014126827444940484 
0.005412805330755568 5.705920357905524E-6 0.0012714144700446436 
0.004871524797680011 5.135328322114972E-6 0.0011442730230401793 
0.00438437231791201 4.6217954899034746E-6 0.0010298457207361614 
0.0039459350861208095 4.1596159409131275E-6 9.268611486625453E-4 
0.0035513415775087287 3.7436543468218147E-6 8.341750337962908E-4 
0.003196207419757856 3.3692889121396335E-6 7.507575304166618E-4 
0.0028765866777820705 3.03236002092567E-6 6.756817773749956E-4 
0.0025889280100038635 2.729124018833103E-6 6.08113599637496E-4 
0.002330035209003477 2.456211616949793E-6 5.473022396737464E-4 
0.0020970316881031297 2.2105904552548136E-6 4.925720157063718E-4 
0.0018873285192928168 1.9895314097293323E-6 4.433148141357346E-4 
0.001698595667363535 1.7905782687563992E-6 3.989833327221612E-4 
0.0015287361006271817 1.6115204418807593E-6 3.590849994499451E-4 
0.0013758624905644634 1.4503683976926834E-6 3.231764995049506E-4 
0.001238276241508017 1.305331557923415E-6 2.9085884955445555E-4 
0.0011144486173572154 1.1747984021310736E-6 2.6177296459901E-4 
0.001003003755621494 1.0573185619179661E-6 2.3559566813910902E-4 
9.027033800593445E-4 9.515867057261696E-7 2.1203610132519812E-4 
8.1243304205341E-4 8.564280351535526E-7 1.9083249119267832E-4 
7.31189737848069E-4 7.707852316381974E-7 1.7174924207341048E-4 
6.580707640632622E-4 6.937067084743776E-7 1.5457431786606945E-4 
5.922636876569359E-4 6.243360376269399E-7 1.3911688607946252E-4 
5.330373188912424E-4 5.619024338642459E-7 1.2520519747151628E-4 
4.797335870021182E-4 5.057121904778214E-7 1.1268467772436465E-4 
4.3176022830190635E-4 4.551409714300393E-7 1.0141620995192818E-4 
3.8858420547171574E-4 4.0962687428703536E-7 9.127458895673536E-5 
3.4972578492454415E-4 3.6866418685833185E-7 8.214713006106183E-5 
3.1475320643208977E-4 3.317977681724987E-7 7.393241705495564E-5 
2.832778857888808E-4 2.986179913552488E-7 6.653917534946008E-5 
2.549500972099927E-4 2.6875619221972393E-7 5.9885257814514075E-5 
2.2945508748899344E-4 2.4188057299775156E-7 5.389673203306267E-5 
2.065095787400941E-4 2.176925156979764E-7 4.85070588297564E-5 
1.858586208660847E-4 1.9592326412817877E-7 4.3656352946780767E-5 
1.6727275877947623E-4 1.763309377153609E-7 3.929071765210269E-5 
1.505454829015286E-4 1.5869784394382483E-7 3.536164588689243E-5 
