1.803076923076923 2.6050000000000004 1.4133333333333333 0.8030769230769231 1.255 
1.9894358974358974 2.4263181818181825 1.4577142857142857 0.9394358974358975 1.3658636363636363 
2.079381196581197 2.6211863636363644 1.5369428571428574 0.9954923076923078 1.5542772727272727 
2.0285859340659345 2.749067727272728 1.4957485714285716 0.8959430769230771 1.4888495454545456 
2.0949581098901104 2.574160954545455 1.6211737142857143 1.0313487692307695 1.3399645909090911 
2.1854622989010997 2.473887716233767 1.459056342857143 1.3682138923076925 1.385968131818182 
1.9669160690109897 2.35649894461039 1.3131507085714287 1.2313925030769233 1.430704651969697 
1.7702244621098908 2.380849050149351 1.3985023043809526 1.108253252769231 1.5765230756616164 
1.8217734444703304 2.7927641451344156 1.5768338921246754 1.6640945941589744 1.5474421966668834 
1.7925372764938858 3.033487730620974 1.8879005029122078 1.9776851347430773 1.9093646436668616 
1.8132835488444972 2.9901389575588766 1.849110452620987 1.8699166212687697 1.7184281793001754 
1.848621860626714 2.853625061802989 1.6641994073588884 1.6829249591418927 1.7632520280368245 
1.6637596745640426 2.5682625556226903 1.4977794666229995 2.6146324632277036 1.6869268252331422 
1.4973837071076384 2.60032518894931 1.3480015199606996 2.3531692169049334 1.518234142709828 
1.4976453363968745 2.6002926700543796 1.584629939393201 2.11785229521444 1.4789107284388454 
1.3478808027571871 2.5027634030489416 1.5561669454538811 1.9927337323596628 1.331019655594961 
1.2130927224814685 2.3424870627440475 1.400550250908493 2.013460359123697 1.1979176900354649 
1.0917834502333217 2.1082383564696427 1.2604952258176438 1.8121143232113273 1.0781259210319185 
1.1326051052099895 2.1574145208226785 1.4036764724666486 1.739236224223528 1.4203133289287266 
1.0193445946889905 2.1583397354070772 1.327594539505698 1.6834944199829933 1.3866153293691874 
0.9174101352200915 2.0508390951997026 1.1948350855551282 1.515144977984694 1.2479537964322687 
1.0113834074123682 2.190199630124177 1.1935333951814335 1.3636304801862247 1.3398250834557084 
1.1852450666711314 2.156893952826045 1.2027514842347187 1.412981717881888 1.2058425751101376 
1.3810062742897327 2.2712045575434403 1.1949763358112468 1.4216835460936992 1.085258317599124 
1.3071913611464736 2.4440841017890964 1.0754787022301222 1.4080866200557578 0.9767324858392116 
1.6098055583651596 2.4596756916101867 1.2123752764515545 2.1422779580501823 1.0590592372552905 
1.4488250025286438 2.3422795510205967 1.0911377488063991 2.078050162245164 0.9531533135297615 
1.4839425022757793 2.541384929251871 1.2070239739257593 1.9827451460206478 1.1828379821767854 
1.4284053949053441 2.5039131029933506 1.0863215765331835 1.784470631418583 1.4359827553876783 
1.5219284917784461 2.5285217926940153 1.4110227522131984 2.0393569016100583 1.2923844798489106 
1.3697356426006015 2.475669613424614 1.8199204769918786 1.9254212114490525 1.2917174604354482 
1.5577620783405415 2.228102652082153 1.6379284292926908 1.7328790903041473 1.1625457143919034 
1.5644858705064875 2.0052923868739376 1.4741355863634218 1.5595911812737326 1.2629578096193796 
1.8413706167891721 2.104763148186544 1.3267220277270797 1.4036320631463595 1.1366620286574418 
1.8143764122531123 1.8942868333678897 1.1940498249543718 1.3532688568317237 1.0229958257916976 
1.697938771027801 2.354858150031101 1.1646448424589348 1.310799114005694 0.9206962432125279 
1.528144893925021 2.249372335027991 1.1606803582130414 1.1797192026051246 0.8286266188912751 
1.575330404532519 2.024435101525192 1.1571123223917372 1.1617472823446122 0.7457639570021476 
1.4177973640792672 1.9719915913726727 1.0414010901525634 1.045572554110151 0.6711875613019328 
1.2760176276713404 1.7747924322354054 0.9372609811373072 0.9410152986991359 0.6040688051717396 
1.1484158649042064 1.5973131890118648 0.8435348830235765 0.8469137688292223 0.5436619246545656 
1.1100448666490799 1.5820263145551228 0.8877528232926474 0.9422223919463002 0.4892957321891091 
0.999040379984172 2.0738236830996106 0.7989775409633827 1.0337144384659558 0.4403661589701982 
1.068367111216524 1.8664413147896497 1.1524131202003778 0.9303429946193602 0.3963295430731784 
0.9615304000948717 1.809797183310685 1.03717180818034 0.8373086951574242 0.8066965887658606 
0.8653773600853846 1.6288174649796165 0.9334546273623061 0.7535778256416819 0.7260269298892745 
0.7788396240768461 1.6103801629260992 0.8401091646260755 0.6782200430775137 0.8159242369003471 
0.7827738434873434 1.838231035522378 0.756098248163468 0.6103980387697624 0.8968318132103124 
0.794496459138609 1.9294079319701405 0.9054884233471212 0.5493582348927861 1.0435122682529174 
0.7150468132247482 2.091012593318581 0.8149395810124092 0.4944224114035075 0.9391610414276257 
0.8060421319022734 2.2533399054152943 0.8959456229111682 0.4449801702631568 0.8452449372848632 
0.725437918712046 2.185148772016622 0.9507955050644958 0.4004821532368411 0.7607204435563769 
0.6528941268408414 2.26663389481496 0.8557159545580463 0.36043393791315703 0.6846483992007393 
0.5876047141567572 2.1217886871516463 0.7701443591022417 0.3243905441218413 0.7161835592806653 
0.5288442427410814 1.9962764851031483 0.8556299231920175 0.2919514897096572 0.6445652033525988 
0.47595981846697333 1.7966488365928335 0.7700669308728157 0.2627563407386915 0.7967753496840057 
0.428363836620276 1.7069839529335502 0.6930602377855342 0.23648070666482232 0.7170978147156051 
0.5855274529582484 2.0934284147830526 0.6237542140069807 0.2128326359983401 0.8253880332440446 
0.5269747076624236 2.3715855733047473 0.5613787926062827 0.19154937239850608 0.7428492299196402 
0.47427723689618123 2.4094270159742726 0.5052409133456544 0.1723944351586555 0.6685643069276762 
0.4268495132065631 2.1684843143768453 0.45471682201108893 0.15515499164278995 0.6017078762349086 
0.3841645618859068 2.611635882939161 0.40924513980998006 0.13963949247851096 0.5415370886114178 
0.3457481056973161 2.350472294645245 0.36832062582898206 0.12567554323065985 0.6159548083217046 
0.3111732951275845 2.1154250651807205 0.3314885632460839 0.11310798890759387 0.5543593274895341 
0.7133892989481594 2.0588825586626482 0.2983397069214755 0.10179719001683449 0.4989233947405807 
0.6420503690533435 2.0967443027963837 0.26850573622932794 0.09161747101515104 0.593475499710967 
0.6596635139661909 1.9870698725167455 0.24165516260639516 0.08245572391363594 0.5341279497398703 
0.9770304959029052 1.925862885265071 0.21748964634575566 0.07421015152227235 0.7057151547658833 
0.9975092644944329 2.033276596738564 0.1957406817111801 0.06678913637004512 0.635143639289295 
0.8977583380449896 1.9117671188828895 0.17616661354006208 0.060110222733040605 0.7882959420270321 
0.8079825042404907 1.828923740327934 0.1585499521860559 0.05409920045973655 0.7094663478243289 
0.7271842538164416 1.8823950026587768 0.5760282903007836 0.04868928041376289 0.8242339987561818 
0.9144658284347974 1.6941555023928991 0.5184254612707053 0.04382035237238661 0.8501439322138968 
0.8230192455913177 1.6872399521536094 0.4665829151436348 0.03943831713514795 1.0251295389925072 
1.220717321032186 1.9585159569382484 0.41992462362927135 0.03549448542163316 1.0309499184265898 
1.1915027317861102 1.7626643612444237 0.6379321612663442 0.03194503687946984 0.9278549265839309 
1.0723524586074993 1.772112210834267 0.5741389451397099 0.02875053319152286 0.8350694339255378 
1.0373394349689715 1.5949009897508404 0.5167250506257389 0.02587547987237057 0.7515624905329841 
0.9336054914720744 1.4354108907757563 0.46505254556316505 0.023287931885133516 0.6764062414796856 
0.840244942324867 1.5085364683648472 0.41854729100684857 0.020959138696620166 0.6087656173317171 
0.7562204480923803 1.5021272659728069 0.37669256190616374 0.01886322482695815 0.6297072374167272 
0.7930984032831423 1.537628825089812 0.9890233057155474 0.016976902344262336 0.7524507993893402 
0.7137885629548281 1.3838659425808308 0.8901209751439927 0.015279212109836102 0.6772057194504062 
0.6424097066593453 1.3899237927671921 0.9094422109629268 0.013751290898852492 0.6094851475053656 
0.5781687359934108 1.250931413490473 0.8184979898666341 0.012376161808967242 0.5485366327548291 
0.6828518623940697 1.244020090323244 0.7366481908799707 0.011138545628070519 0.4936829694793462 
0.6145666761546628 1.4085069701798085 0.9229833717919737 0.010024691065263467 0.4443146725314116 
0.5531100085391965 1.2676562731618277 0.8306850346127763 0.009022221958737121 0.3998832052782704 
0.5977990076852768 1.140890645845645 0.7476165311514987 0.008119999762863409 0.3598948847504434 
0.5380191069167491 1.0268015812610805 0.6728548780363489 0.007307999786577068 0.32390539627539905 
0.48421719622507425 1.0541214231349725 0.605569390232714 0.006577199807919361 0.29151485664785914 
0.43579547660256684 1.0931537252659196 0.5450124512094426 0.005919479827127426 0.2623633709830732 
0.39221592894231017 0.9838383527393276 0.4905112060884984 0.005327531844414683 0.2361270338847659 
0.35299433604807917 0.8854545174653948 0.4414600854796486 0.0047947786599732145 0.39822861621057504 
0.31769490244327125 1.0569090657188553 0.39731407693168375 0.004315300793975893 0.35840575458951757 
0.48592541219894414 1.0512181591469698 0.3575826692385154 0.003883770714578304 0.3225651791305658 
0.4373328709790497 0.9460963432322729 0.32182440231466386 0.003495393643120474 0.29030866121750926 
0.39359958388114474 0.8514867089090457 0.2896419620831975 0.0031458542788084264 0.2612777950957583 
0.3542396254930303 0.9830047046848078 0.39067776587487774 0.0028312688509275837 0.2351500155861825 
0.31881566294372726 0.884704234216327 0.35160998928738996 0.002548141965834825 0.21163501402756427 
0.28693409664935454 0.7962338107946944 0.316448990358651 0.0022933277692513427 0.19047151262480785 
0.3868121155558477 0.9166104297152249 0.2848040913227859 0.0020639949923262086 0.17142436136232708 
0.478130904000263 0.8249493867437024 0.25632368219050733 0.0018575954930935877 0.3709485918927611 
0.4303178136002367 0.7424544480693323 0.2306913139714566 0.001671835943784229 0.333853732703485 
0.5166977969460954 0.9505619444388698 0.20762218257431095 0.0015046523494058061 0.3004683594331365 
0.4650280172514859 0.8555057499949829 0.18685996431687985 0.0013541871144652255 0.27042152348982285 
0.4185252155263373 0.7699551749954846 0.16817396788519187 0.001218768403018703 0.24337937114084057 
0.37667269397370357 0.6929596574959361 0.1513565710966727 0.0010968915627168326 0.21904143402675652 
0.4390054245763332 0.8093779774606282 0.13622091398700542 9.872024064451494E-4 0.19713729062408086 
0.6009872350598764 0.8212973225717083 0.12259882258830489 8.884821658006345E-4 0.17742356156167277 
0.5408885115538887 0.8258342569812042 0.1103389403294744 7.996339492205711E-4 0.1596812054055055 
0.48679966039849987 0.7432508312830838 0.09930504629652696 7.196705542985139E-4 0.14371308486495496 
0.4381196943586499 0.6689257481547755 0.08937454166687427 6.477034988686625E-4 0.12934177637845948 
0.39430772492278493 0.602033173339298 0.08043708750018684 5.829331489817963E-4 0.11640759874061353 
0.35487695243050643 0.5418298560053681 0.07239337875016816 5.246398340836167E-4 0.10476683886655218 
0.3193892571874558 0.48764687040483135 0.06515404087515135 4.72175850675255E-4 0.09429015497989696 
0.28745033146871024 0.4388821833643482 0.2753053034543029 4.249582656077295E-4 0.08486113948190727 
0.25870529832183925 0.3949939650279134 0.24777477310887258 3.824624390469566E-4 0.07637502553371654 
0.23283476848965534 0.35549456852512207 0.22299729579798533 3.442161951422609E-4 0.06873752298034488 
0.2095512916406898 0.40176329349079165 0.2006975662181868 3.0979457562803483E-4 0.061863770682310394 
0.18859616247662084 0.4699202974750458 0.18062780959636812 2.7881511806523133E-4 0.055677393614079355 
0.16973654622895876 0.5312616010608746 0.1625650286367313 2.509336062587082E-4 0.05010965425267142 
0.15276289160606288 0.6948021076214539 0.14630852577305817 2.258402456328374E-4 0.04509868882740428 
0.1374866024454566 0.6937429494908874 0.24985949137757052 2.032562210695537E-4 0.04058881994466385 
0.12373794220091094 0.6243686545417987 0.22487354223981348 1.8293059896259834E-4 0.03652993795019747 
0.11136414798081985 0.5619317890876189 0.20238618801583214 1.646375390663385E-4 0.03287694415517772 
0.10022773318273787 0.505738610178857 0.18214756921424893 1.4817378515970465E-4 0.029589249739659953 
0.09020495986446408 0.4551647491609713 0.16393281229282405 1.3335640664373418E-4 0.026630324765693957 
0.08118446387801768 0.4096482742448742 0.14753953106354165 1.2002076597936076E-4 0.023967292289124562 
0.07306601749021592 0.3686834468203868 0.13278557795718748 1.0801868938142469E-4 0.021570563060212107 
0.06575941574119433 0.33181510213834814 0.11950702016146873 9.721682044328223E-5 0.019413506754190898 
0.059183474167074895 0.3708558141467356 0.10755631814532186 8.7495138398954E-5 0.017472156078771808 
0.05326512675036741 0.333770232732062 0.09680068633078968 7.87456245590586E-5 0.01572494047089463 
0.04793861407533067 0.30039320945885584 0.08712061769771072 7.087106210315275E-5 0.014152446423805165 
0.0431447526677976 0.27035388851297026 0.07840855592793965 6.378395589283747E-5 0.012737201781424649 
0.03883027740101785 0.24331849966167324 0.07056770033514569 5.740556030355372E-5 0.011463481603282184 
0.034947249660916065 0.28740770232708485 0.06351093030163112 5.1665004273198346E-5 0.010317133442953966 
0.03145252469482446 0.2980608714883157 0.2738265039381347 4.649850384587851E-5 0.00928542009865857 
0.028307272225342014 0.2682547843394842 0.24644385354432122 4.184865346129066E-5 0.008356878088792713 
0.025476545002807813 0.24142930590553577 0.2217994681898891 3.76637881151616E-5 0.007521190279913442 
0.02292889050252703 0.21728637531498218 0.2587104304618093 3.3897409303645445E-5 0.0067690712519220975 
0.020636001452274327 0.19555773778348398 0.23283938741562837 3.05076683732809E-5 0.006092164126729888 
0.018572401307046894 0.1760019640051356 0.20955544867406553 2.745690153595281E-5 0.005482947714056899 
0.016715161176342204 0.15840176760462205 0.18859990380665898 2.4711211382357528E-5 0.004934652942651209 
0.015043645058707984 0.14256159084415984 0.1697399134259931 2.2240090244121777E-5 0.004441187648386088 
0.013539280552837187 0.12830543175974385 0.1527659220833938 2.00160812197096E-5 0.003997068883547479 
0.012185352497553469 0.11547488858376946 0.1374893298750544 1.8014473097738642E-5 0.0035973619951927315 
0.010966817247798123 0.2221092179072107 0.12374039688754897 1.6213025787964777E-5 0.0032376257956734586 
0.009870135523018311 0.19989829611648963 0.11136635719879408 1.4591723209168299E-5 0.0029138632161061126 
0.00888312197071648 0.17990846650484066 0.10022972147891467 1.313255088825147E-5 0.0026224768944955014 
0.007994809773644833 0.1619176198543566 0.0902067493310232 1.1819295799426323E-5 0.0023602292050459513 
0.00719532879628035 0.14572585786892095 0.08118607439792087 1.063736621948369E-5 0.002124206284541356 
0.006475795916652315 0.13115327208202887 0.07306746695812878 9.573629597535322E-6 0.0019117856560872206 
0.005828216324987084 0.11803794487382599 0.0657607202623159 8.61626663778179E-6 0.0017206070904784987 
0.005245394692488375 0.10623415038644339 0.12760570086766326 7.754639974003612E-6 0.0015485463814306488 
0.0047208552232395375 0.16061073534779907 0.11484513078089693 6.97917597660325E-6 0.001393691743287584 
0.004248769700915584 0.14454966181301918 0.10336061770280724 6.2812583789429254E-6 0.0012543225689588256 
0.0038238927308240256 0.17492228183861383 0.09302455593252652 5.653132541048633E-6 0.001128890312062943 
0.003441503457741623 0.15743005365475246 0.08372210033927387 5.08781928694377E-6 0.0010160012808566488 
0.0030973531119674606 0.14168704828927722 0.07534989030534649 4.579037358249393E-6 9.144011527709839E-4 
0.0027876178007707145 0.23585167679368285 0.06781490127481184 4.121133622424454E-6 8.229610374938856E-4 
0.0025088560206936433 0.21226650911431458 0.06103341114733066 3.7090202601820085E-6 7.40664933744497E-4 
0.002257970418624279 0.19103985820288313 0.054930070032597596 3.338118234163808E-6 6.665984403700473E-4 
0.0020321733767618513 0.17193587238259483 0.049437063029337834 3.0043064107474273E-6 5.999385963330426E-4 
0.0018289560390856662 0.15474228514433536 0.04449335672640405 2.7038757696726845E-6 5.399447366997383E-4 
0.0016460604351770996 0.13926805662990183 0.040044021053763645 2.4334881927054163E-6 4.859502630297645E-4 
0.0014814543916593897 0.18443216005782073 0.03603961894838728 2.1901393734348748E-6 4.373552367267881E-4 
0.0013333089524934507 0.16598894405203865 0.032435657053548554 1.9711254360913872E-6 3.936197130541093E-4 
0.0011999780572441057 0.14939004964683478 0.0291920913481937 1.7740128924822485E-6 3.542577417486984E-4 
0.0010799802515196952 0.1344510446821513 0.02627288221337433 1.5966116032340237E-6 3.1883196757382856E-4 
9.719822263677257E-4 0.12100594021393617 0.023645593992036897 1.4369504429106214E-6 2.869487708164457E-4 
8.747840037309531E-4 0.10890534619254255 0.021281034592833207 1.2932553986195592E-6 2.5825389373480113E-4 
7.873056033578578E-4 0.0980148115732883 0.019152931133549888 1.1639298587576033E-6 2.32428504361321E-4 
7.08575043022072E-4 0.16946333041595946 0.0172376380201949 1.047536872881843E-6 2.0918565392518892E-4 
6.377175387198648E-4 0.15251699737436353 0.01551387421817541 9.427831855936588E-7 1.8826708853267004E-4 
5.739457848478784E-4 0.17240043277206232 0.01396248679635787 8.48504867034293E-7 1.6944037967940305E-4 
5.165512063630905E-4 0.15516038949485608 0.012566238116722084 7.636543803308637E-7 1.5249634171146274E-4 
4.648960857267815E-4 0.13964435054537047 0.011309614305049875 6.872889422977773E-7 1.3724670754031648E-4 
4.1840647715410336E-4 0.12567991549083343 0.010178652874544888 6.185600480679996E-7 1.2352203678628483E-4 
3.76565829438693E-4 0.1131119239417501 0.009160787587090399 5.567040432611997E-7 1.1116983310765635E-4 
3.389092464948237E-4 0.10180073154757509 0.00824470882838136 5.010336389350798E-7 1.0005284979689072E-4 
3.0501832184534134E-4 0.09162065839281758 0.007420237945543224 4.509302750415718E-7 9.004756481720165E-5 
2.745164896608072E-4 0.08245859255353583 0.006678214150988902 4.058372475374146E-7 8.104280833548149E-5 
2.470648406947265E-4 0.07421273329818225 0.006010392735890012 3.6525352278367317E-7 7.293852750193334E-5 
2.2235835662525388E-4 0.06679145996836403 0.005409353462301011 3.2872817050530585E-7 6.564467475174E-5 
2.001225209627285E-4 0.06011231397152762 0.00486841811607091 2.9585535345477525E-7 5.9080207276566005E-5 
1.8011026886645567E-4 0.05410108257437486 0.0043815763044638195 2.6626981810929773E-7 5.31721865489094E-5 
1.620992419798101E-4 0.04869097431693738 0.003943418674017438 2.3964283629836795E-7 4.7854967894018466E-5 
1.458893177818291E-4 0.04382187688524364 0.0035490768066156943 2.1567855266853115E-7 4.306947110461662E-5 
1.313003860036462E-4 0.03943968919671927 0.003194169125954125 1.9411069740167805E-7 3.876252399415496E-5 
1.1817034740328157E-4 0.035495720277047345 0.0028747522133587126 1.7469962766151025E-7 3.488627159473946E-5 
1.0635331266295342E-4 0.07018144236698967 0.0025872769920228414 1.5722966489535923E-7 3.139764443526552E-5 
9.571798139665808E-5 0.0631632981302907 0.0023285492928205574 1.4150669840582332E-7 2.8257879991738967E-5 
8.614618325699228E-5 0.05684696831726163 0.0020956943635385018 1.2735602856524098E-7 2.543209199256507E-5 
7.753156493129304E-5 0.05116227148553547 0.0018861249271846516 1.1462042570871688E-7 2.2888882793308566E-5 
6.977840843816374E-5 0.04604604433698192 0.0016975124344661865 1.0315838313784519E-7 2.0599994513977708E-5 
6.280056759434737E-5 0.04144143990328373 0.0015277611910195679 9.284254482406068E-8 1.8539995062579938E-5 
5.6520510834912634E-5 0.03729729591295536 0.0013749850719176112 8.355829034165461E-8 1.6685995556321945E-5 
5.086845975142137E-5 0.033567566321659824 0.0012374865647258502 7.520246130748915E-8 1.5017396000689751E-5 
4.578161377627923E-5 0.030210809689493842 0.0011137379082532652 6.768221517674024E-8 1.3515656400620776E-5 
4.120345239865131E-5 0.027189728720544457 0.0010023641174279386 6.091399365906621E-8 1.2164090760558698E-5 
3.7083107158786175E-5 0.02447075584849001 9.021277056851448E-4 5.482259429315959E-8 1.0947681684502829E-5 
3.337479644290756E-5 0.022023680263641012 8.119149351166303E-4 4.934033486384363E-8 9.852913516052545E-6 
3.0037316798616803E-5 0.01982131223727691 7.307234416049673E-4 4.440630137745927E-8 8.867622164447291E-6 
2.7033585118755124E-5 0.01783918101354922 6.576510974444706E-4 3.996567123971334E-8 7.980859948002562E-6 
2.4330226606879612E-5 0.0160552629121943 5.918859877000236E-4 3.5969104115742006E-8 7.182773953202306E-6 
2.189720394619165E-5 0.01444973662097487 5.326973889300212E-4 3.23721937041678E-8 6.464496557882075E-6 
1.9707483551572487E-5 0.013004762958877383 4.7942765003701905E-4 2.9134974333751023E-8 5.818046902093868E-6 
1.773673519641524E-5 0.011704286662989645 4.3148488503331713E-4 2.6221476900375922E-8 5.236242211884482E-6 
1.5963061676773717E-5 0.01053385799669068 3.883363965299854E-4 2.359932921033833E-8 4.712617990696034E-6 
1.4366755509096345E-5 0.009480472197021613 3.495027568769869E-4 2.1239396289304497E-8 4.241356191626431E-6 
1.2930079958186712E-5 0.008532424977319451 3.145524811892882E-4 1.9115456660374046E-8 3.817220572463788E-6 
1.1637071962368041E-5 0.0076791824795875065 2.8309723307035935E-4 1.7203910994336643E-8 3.4354985152174094E-6 
1.0473364766131238E-5 0.006911264231628756 2.5478750976332343E-4 1.5483519894902978E-8 3.0919486636956686E-6 
9.426028289518115E-6 0.006220137808465881 2.293087587869911E-4 1.393516790541268E-8 2.7827537973261016E-6 
8.483425460566304E-6 0.005598124027619293 2.06377882908292E-4 1.2541651114871412E-8 2.5044784175934917E-6 
7.635082914509674E-6 0.005038311624857363 1.8574009461746278E-4 1.1287486003384272E-8 2.254030575834143E-6 
6.8715746230587065E-6 0.004534480462371627 1.6716608515571652E-4 1.0158737403045845E-8 2.0286275182507286E-6 
6.184417160752836E-6 0.004081032416134464 1.5044947664014487E-4 9.142863662741261E-9 1.8257647664256557E-6 
5.565975444677553E-6 0.0036729291745210176 1.354045289761304E-4 8.228577296467136E-9 1.6431882897830902E-6 
5.009377900209798E-6 0.003305636257068916 1.2186407607851736E-4 7.405719566820423E-9 1.4788694608047812E-6 
4.508440110188818E-6 0.0029750726313620243 1.0967766847066562E-4 6.665147610138381E-9 1.330982514724303E-6 
4.057596099169936E-6 0.002677565368225822 9.870990162359906E-5 5.998632849124543E-9 1.1978842632518729E-6 
3.6518364892529427E-6 0.00240980883140324 8.883891146123916E-5 5.398769564212089E-9 1.0780958369266856E-6 
3.2866528403276487E-6 0.002168827948262916 7.995502031511525E-5 4.85889260779088E-9 9.70286253234017E-7 
2.957987556294884E-6 0.0019519451534366244 7.195951828360373E-5 4.373003347011793E-9 8.732576279106154E-7 
2.6621888006653958E-6 0.001756750638092962 6.476356645524336E-5 3.935703012310613E-9 7.859318651195539E-7 
2.3959699205988563E-6 0.001581075574283666 5.828720980971903E-5 3.542132711079552E-9 7.073386786075985E-7 
2.1563729285389707E-6 0.0014229680168552994 5.2458488828747125E-5 3.187919439971597E-9 6.366048107468387E-7 
1.9407356356850736E-6 0.0012806712151697695 4.721263994587241E-5 2.8691274959744375E-9 5.729443296721549E-7 
1.7466620721165663E-6 0.0011526040936527926 4.249137595128517E-5 2.5822147463769938E-9 5.156498967049394E-7 
1.5719958649049098E-6 0.0010373436842875134 3.8242238356156655E-5 2.3239932717392943E-9 4.6408490703444546E-7 
1.414796278414419E-6 9.336093158587621E-4 3.441801452054099E-5 2.091593944565365E-9 4.1767641633100093E-7 
1.2733166505729771E-6 8.402483842728859E-4 3.097621306848689E-5 1.8824345501088283E-9 3.7590877469790087E-7 
1.1459849855156793E-6 7.562235458455973E-4 2.78785917616382E-5 1.6941910950979456E-9 3.383178972281108E-7 
1.0313864869641114E-6 6.806011912610376E-4 2.509073258547438E-5 1.524771985588151E-9 3.0448610750529974E-7 
9.282478382677003E-7 6.125410721349339E-4 2.258165932692694E-5 1.372294787029336E-9 2.740374967547698E-7 
8.354230544409303E-7 5.512869649214405E-4 2.0323493394234247E-5 1.2350653083264024E-9 2.4663374707929284E-7 
7.518807489968373E-7 4.961582684292965E-4 1.8291144054810823E-5 1.1115587774937623E-9 2.2197037237136356E-7 
6.766926740971535E-7 4.4654244158636683E-4 1.646202964932974E-5 1.000402899744386E-9 1.9977333513422722E-7 
6.090234066874382E-7 4.018881974277302E-4 1.4815826684396766E-5 9.003626097699473E-10 1.797960016208045E-7 
5.481210660186944E-7 3.616993776849572E-4 1.333424401595709E-5 8.103263487929526E-10 1.6181640145872406E-7 
4.93308959416825E-7 3.2552943991646146E-4 1.2000819614361381E-5 7.292937139136574E-10 1.4563476131285165E-7 
4.4397806347514255E-7 2.9297649592481534E-4 1.0800737652925243E-5 6.563643425222916E-10 1.3107128518156649E-7 
3.995802571276283E-7 2.636788463323338E-4 9.720663887632719E-6 5.907279082700625E-10 1.1796415666340984E-7 
3.596222314148655E-7 2.3731096169910042E-4 8.748597498869448E-6 5.316551174430563E-10 1.0616774099706886E-7 
3.2366000827337893E-7 2.1357986552919038E-4 7.873737748982504E-6 4.784896056987507E-10 9.555096689736198E-8 
2.91294007446041E-7 1.9222187897627134E-4 7.086363974084254E-6 4.306406451288756E-10 8.599587020762578E-8 
2.621646067014369E-7 1.7299969107864422E-4 6.377727576675829E-6 3.8757658061598805E-10 7.73962831868632E-8 
2.3594814603129323E-7 1.556997219707798E-4 5.7399548190082465E-6 3.4881892255438924E-10 6.965665486817689E-8 
