1.3607142857142858 1.5714285714285716 2.2066666666666666 
1.7006428571428571 1.978991596638656 2.425130434782609 
1.5779469924812028 2.05032320620556 2.182617391304348 
1.9590411821219715 2.5837524240465424 2.4825374703557315 
2.104046154818865 2.8539486102133167 2.798569437605873 
2.2103082060036456 2.949803749191985 2.861569636702429 
2.249277385403281 3.08815670760612 2.631662673032186 
2.5890555292158943 3.1860077035121748 2.699746405728967 
2.51476536090969 3.2174069331609574 2.4297717651560706 
2.538288824818721 3.3067773509559726 2.7701279219737973 
2.541602799479706 3.4694329491937084 3.273115129776418 
2.7291091861984023 3.483359219491729 3.151685969739953 
2.6466744580547523 3.4560759291215035 3.4012232551188992 
2.6343879646302297 3.490468336209353 3.2453114559227987 
2.6709491681672066 3.2572109762726282 2.9207803103305188 
2.493854251350486 3.0214898786453652 2.758702279297467 
2.2974100026860254 2.8637853352252733 2.5828320513677205 
2.3876690024174225 3.0707401350360795 2.4145488462309483 
2.2155687688423473 3.170332788199138 2.237379675893568 
2.1690118919581125 3.12698371990554 2.013641708304211 
2.1573738606570383 3.2688308024604407 1.81227753747379 
2.02550744233327 3.014169944436619 1.631049783726411 
1.8229566980999432 2.8860862833262906 1.46794480535377 
1.7454229330518538 2.8162276549936616 1.3211503248183931 
1.9208806397466685 2.681271556160962 1.739035292336554 
1.8335544805339066 2.5499865058080236 1.8095762075473432 
2.016865699147183 2.5131696734090396 2.0000471582211805 
1.9391791292324645 2.586852706068136 1.8000424423990624 
1.745261216309218 2.328167435461322 1.7283715314924897 
1.5707350946782963 2.4953506919151898 1.5555343783432407 
1.6440963678191625 2.6520656227236707 1.9181627586907348 
1.7368295881801035 3.1045061192748333 1.9863464828216615 
1.8131466293620933 2.9098449810315605 1.9569426037702646 
1.7234986330925506 2.926552790620712 2.1326769148218094 
1.69559321422774 2.8702611479222773 2.027742556672962 
1.861328010452025 2.7457350331300496 1.933301634338999 
1.6751952094068225 2.5330662917218065 1.739971470905099 
1.8389256884661405 2.3562302507849204 1.6259743238145892 
2.0083664529528598 2.3898379949371975 1.9833768914331302 
1.8075298076575739 2.237520862110144 2.185039202289817 
1.6267768268918166 2.0137687758991296 1.9665352820608355 
1.5798886178868454 1.9423918983092165 1.769881753854752 
1.6485664227648278 1.7481527084782948 1.722893578469277 
1.5270431138216782 1.9633374376304653 1.6506042206223495 
1.6096329200865693 2.0336703605340856 1.702210465226781 
1.5366696280779124 2.0036366578140106 1.531989418704103 
1.3830026652701213 1.9254952142548318 1.3787904768336927 
1.337559541600252 1.8196123594960154 1.5298003180392123 
1.2038035874402269 1.637651123546414 1.3768202862352912 
1.0834232286962042 1.4738860111917726 1.239138257611762 
1.0435019584581628 1.4131640767392621 1.1152244318505857 
1.0156223508476407 1.353097669065336 1.1037019886655273 
1.1540601157628767 1.3749307593016598 1.0698023780342687 
1.1486541041865892 1.6499376833714938 1.125322140230842 
1.0867298702385186 1.7599439150343446 1.2727899262077578 
1.0647235498813334 1.5839495235309102 1.220510933586982 
1.0232511948932002 1.530316475939724 1.0984598402282837 
1.279749604815645 1.5522848283457518 1.1578446254362247 
1.1517746443340804 1.3970563455111766 1.0420601628926023 
1.1523866535848828 1.387350710960059 1.0560359647851603 
1.0936697273568292 1.3667974580458713 0.9504323683066442 
1.1615754818938737 1.322974855098427 1.0720557981426464 
1.3882750765616294 1.4270410059522207 0.9648502183283818 
1.2494475689054665 1.6343369053569985 0.8683651964955437 
1.2703361453482531 1.5521532148212986 0.7815286768459894 
1.143302530813428 1.7169378933391688 0.8533758091613904 
1.028972277732085 1.545244104005252 0.7680382282452514 
0.9260750499588766 1.5640530269380601 0.6912344054207262 
0.9779119894074334 1.4076477242442542 0.6221109648786536 
0.9901207904666901 1.510632951819829 0.5598998683907882 
1.0969910643611975 1.559569656637846 0.5039098815517093 
1.0435419579250778 1.5336126909740617 0.45351889339653845 
1.02043776213257 1.6445371361623697 0.4081670040568846 
0.918393985919313 1.5550834225461327 0.36735030365119614 
0.9228508836236781 1.5295750802915196 0.33061527328607654 
0.8627086524041674 1.3766175722623677 0.2975537459574689 
0.9514377871637507 1.238955815036131 0.267798371361722 
0.8562940084473757 1.215060233532518 0.24101853422554984 
0.9706646076026382 1.1685542101792663 0.21691668080299487 
0.8735981468423744 1.0516987891613396 0.19522501272269538 
0.9558035495494414 1.0965289102452056 0.17570251145042584 
1.0502231945944973 1.099376019220685 0.15813226030538327 
0.9452008751350476 0.9894384172986165 0.14231903427484494 
0.8506807876215429 1.0029945755687548 0.12808713084736045 
0.9621644329973196 0.9026951180118794 0.11527841776262442 
0.9068570806066786 0.8124256062106915 0.10375057598636198 
0.8845924251775896 0.8493648637714405 0.09337551838772579 
0.8352636174424394 0.8287140916800108 0.08403796654895321 
0.8517372556981955 0.9315569682262954 0.07563416989405788 
0.8207301967950427 1.0076320406344352 0.0680707529046521 
0.7386571771155385 0.9068688365709917 0.06126367761418689 
0.6647914594039847 1.022064305855069 0.055137309852768206 
0.5983123134635862 0.9198578752695621 0.049623578867491386 
0.5384810821172276 0.9096902695607877 0.044661220980742246 
0.4846329739055048 0.8187212426047089 0.04019509888266802 
0.4361696765149543 0.736849118344238 0.03617558899440122 
0.3925527088634589 0.7131642065098143 0.0325580300949611 
0.353297437977113 0.714070008081055 0.029302227085464993 
0.3179676941794017 0.7986630072729496 0.026372004376918494 
0.3391121012320497 0.7187967065456546 0.023734803939226647 
0.3736219437404237 0.7527993888322656 0.021361323545303984 
0.3362597493663813 0.745940502580618 0.019225191190773587 
0.3026337744297432 0.8284893094654133 0.01730267207169623 
0.2723703969867689 0.8047312876097811 0.015572404864526608 
0.24513335728809202 0.724258158848803 0.014015164378073947 
0.3428422437815051 0.7756418667734465 0.6626136479402666 
0.3085580194033546 0.8064110134294351 0.5963522831462399 
0.27770221746301915 0.7257699120864917 0.6811614992760604 
0.3365986623833839 0.6531929208778425 0.6130453493484543 
0.3029387961450455 0.5878736287900583 0.5517408144136089 
0.27264491653054096 0.5290862659110526 0.496566732972248 
0.24538042487748687 0.47617763931994733 0.44691005967502323 
0.2208423823897382 0.4285598753879526 0.4022190537075209 
0.19875814415076437 0.3857038878491573 0.3619971483367688 
0.17888232973568793 0.3471334990642416 0.3257974335030919 
0.16099409676211915 0.45686459360226195 0.29321769015278276 
0.14489468708590725 0.5040352770991786 0.2638959211375045 
0.13040521837731653 0.45363174938926076 0.23750632902375404 
0.21022183939672773 0.5451106797134926 0.21375569612137865 
0.18919965545705497 0.5989329450754767 0.1923801265092408 
0.27861302324468284 0.6040396505679291 0.17314211385831674 
0.2507517209202146 0.6303023521778028 0.15582790247248507 
0.22567654882819313 0.5672721169600226 0.14024511222523656 
0.20310889394537382 0.5105449052640203 0.1262206010027129 
0.18279800455083645 0.45949041473761826 0.11359854090244162 
0.1645182040957528 0.4135413732638564 0.10223868681219746 
0.14806638368617753 0.3721872359374708 0.09201481813097771 
0.13325974531755977 0.3349685123437237 0.08281333631787995 
0.23811558896762197 0.30147166110935136 0.07453200268609195 
0.21430403007085977 0.2713244949984162 0.06707880241748275 
0.19287362706377378 0.2441920454985746 0.060370922175734476 
0.1735862643573964 0.21977284094871713 0.05433382995816103 
0.15622763792165678 0.19779555685384542 0.048900446962344926 
0.1406048741294911 0.1780160011684609 0.044010402266110436 
0.126544386716542 0.1602144010516148 0.03960936203949939 
0.1138899480448878 0.1441929609464533 0.035648425835549453 
0.13583428657373237 0.129773664851808 0.03208358325199451 
0.12225085791635913 0.20346296503329386 0.02887522492679506 
0.11002577212472323 0.3360578450005527 0.025987702434115554 
0.3460820184416627 0.5716828297312666 0.023388932190704 
0.5940825122496703 0.67701454675814 0.0210500389716336 
0.5346742610247033 0.609313092082326 0.01894503507447024 
0.6333807479657112 0.7217151162074268 0.017050531567023217 
0.5700426731691401 0.9095436045866842 0.015345478410320896 
0.6606574534712738 0.8185892441280157 0.013810930569288806 
0.5945917081241464 0.9224446054294999 0.012429837512359926 
0.5351325373117318 0.8302001448865499 0.011186853761123933 
0.48161928358055867 0.747180130397895 0.01006816838501154 
0.6191716409367884 0.6724621173581055 0.009061351546510386 
0.5572544768431096 0.7552159056222949 0.008155216391859347 
0.5577790291587986 1.0511228864886368 0.007339694752673412 
0.5020011262429188 0.9460105978397731 0.006605725277406071 
0.5282716018539211 0.8514095380557959 0.005945152749665464 
0.475444441668529 0.7662685842502163 0.005350637474698917 
0.5723444419461206 0.6896417258251947 0.004815573727229026 
0.6299248125663234 0.9206775532426753 0.004334016354506124 
0.566932331309691 0.9152764645850745 0.0039006147190555115 
0.5102390981787219 0.9320821514599005 0.0035105532471499602 
0.45921518836084974 0.9918151127844987 0.003159497922434964 
0.41329366952476476 0.8926336015060489 0.002843548130191468 
0.3719643025722883 0.8726010105862132 0.002559193317172321 
0.3347678723150595 0.785340909527592 0.002303273985455089 
0.36129108508355356 0.8249886367566509 0.00207294658690958 
0.38516197657519824 0.8237397730809859 0.001865651928218622 
0.34664577891767845 0.8135880179951095 0.00167908673539676 
0.3119812010259106 0.7322292161955986 0.001511178061857084 
0.28078308092331955 0.6590062945760388 0.0013600602556713757 
0.2527047728309876 0.5931056651184349 0.0012240542301042382 
0.22743429554788883 0.6150450986065914 0.0011016488070938145 
0.20469086599309994 0.6185405887459323 9.914839263844332E-4 
0.2708884460604566 0.6096277063419274 8.923355337459899E-4 
0.24379960145441093 0.5486649357077347 8.031019803713909E-4 
0.21941964130896985 0.4937984421369612 7.227917823342518E-4 
0.19747767717807288 0.4444185979232651 6.505126041008267E-4 
0.1777299094602656 0.48664340479760526 5.854613436907441E-4 
0.15995691851423904 0.4379790643178447 5.269152093216697E-4 
0.14396122666281513 0.3941811578860603 4.742236883895027E-4 
0.12956510399653362 0.35476304209745424 4.2680131955055245E-4 
0.11660859359688026 0.4276200712210422 3.841211875954972E-4 
0.10494773423719224 0.38485806409893797 3.457090688359475E-4 
0.09445296081347301 0.34637225768904417 3.1113816195235276E-4 
0.08500766473212572 0.31173503192013974 2.800243457571175E-4 
0.07650689825891314 0.2805615287281258 2.520219111814058E-4 
0.06885620843302183 0.25250537585531324 2.268197200632652E-4 
0.06197058758971965 0.30372542650507606 2.041377480569387E-4 
0.05577352883074768 0.27335288385456846 1.8372397325124484E-4 
0.050196175947672915 0.24601759546911162 1.6535157592612038E-4 
0.04517655835290563 0.3906466051529697 1.4881641833350834E-4 
0.040658902517615066 0.415867658923387 1.3393477650015752E-4 
0.03659301226585356 0.37428089303104833 1.2054129885014177E-4 
0.032933711039268204 0.3368528037279435 1.084871689651276E-4 
0.029640339935341386 0.3031675233551492 9.763845206861483E-5 
0.026676305941807248 0.2728507710196343 8.787460686175335E-5 
0.024008675347626525 0.24556569391767086 7.908714617557801E-5 
0.021607807812863873 0.22100912452590377 7.117843155802021E-5 
0.019447027031577486 0.19890821207331338 6.406058840221819E-5 
0.01750232432841974 0.17901739086598206 5.765452956199637E-5 
0.015752091895577764 0.16111565177938386 5.1889076605796736E-5 
0.014176882706019987 0.2750040866014455 4.6700168945217066E-5 
0.01275919443541799 0.24750367794130093 4.203015205069536E-5 
0.01148327499187619 0.22275331014717084 3.782713684562582E-5 
0.010334947492688571 0.20047797913245377 3.404442316106324E-5 
0.009301452743419715 0.1804301812192084 3.0639980844956914E-5 
0.008371307469077743 0.16238716309728757 2.7575982760461222E-5 
0.007534176722169969 0.1461484467875588 2.48183844844151E-5 
0.006780759049952972 0.13153360210880294 2.233654603597359E-5 
0.0061026831449576754 0.11838024189792265 2.010289143237623E-5 
0.005492414830461908 0.10654221770813038 1.809260228913861E-5 
0.004943173347415717 0.09588799593731735 1.628334206022475E-5 
0.004448856012674146 0.08629919634358561 1.4655007854202275E-5 
0.0040039704114067315 0.07766927670922705 1.3189507068782047E-5 
0.0036035733702660584 0.06990234903830435 1.1870556361903843E-5 
0.0032432160332394526 0.06291211413447391 1.0683500725713459E-5 
0.0029188944299155073 0.05662090272102652 9.615150653142114E-6 
0.0026270049869239567 0.05095881244892387 8.653635587827903E-6 
0.002364304488231561 0.04586293120403148 7.788272029045114E-6 
0.002127874039408405 0.04127663808362834 7.009444826140602E-6 
0.0019150866354675645 0.037148974275265506 6.308500343526542E-6 
0.0017235779719208082 0.033434076847738955 5.677650309173888E-6 
0.0015512201747287274 0.030090669162965062 5.1098852782564995E-6 
0.0013960981572558547 0.027081602246668557 4.59889675043085E-6 
0.0012564883415302694 0.0243734420220017 4.139007075387765E-6 
0.0011308395073772425 0.02193609781980153 3.7251063678489884E-6 
0.0010177555566395183 0.019742488037821377 3.3525957310640897E-6 
9.159800009755665E-4 0.01776823923403924 3.017336157957681E-6 
8.243820008780098E-4 0.015991415310635318 2.715602542161913E-6 
7.419438007902089E-4 0.014392273779571786 2.4440422879457216E-6 
6.67749420711188E-4 0.012953046401614607 2.1996380591511494E-6 
6.009744786400692E-4 0.011657741761453146 1.9796742532360346E-6 
5.408770307760623E-4 0.010491967585307831 1.7817068279124312E-6 
4.867893276984561E-4 0.00944277082677705 1.603536145121188E-6 
4.381103949286105E-4 0.008498493744099344 1.4431825306090694E-6 
3.9429935543574944E-4 0.00764864436968941 1.2988642775481625E-6 
3.548694198921745E-4 0.006883779932720469 1.1689778497933463E-6 
3.1938247790295706E-4 0.006195401939448422 1.0520800648140117E-6 
2.874442301126614E-4 0.00557586174550358 9.468720583326106E-7 
2.5869980710139525E-4 0.005018275570953222 8.521848524993496E-7 
2.3282982639125574E-4 0.0045164480138579 7.669663672494147E-7 
2.0954684375213016E-4 0.004064803212472111 6.902697305244732E-7 
1.8859215937691714E-4 0.0036583228912248997 6.212427574720259E-7 
1.6973294343922542E-4 0.00329249060210241 5.591184817248233E-7 
1.5275964909530288E-4 0.002963241541892169 5.03206633552341E-7 
1.3748368418577258E-4 0.002666917387702952 4.528859701971069E-7 
1.2373531576719533E-4 0.002400225648932657 4.0759737317739625E-7 
1.113617841904758E-4 0.002160203084039391 3.668376358596566E-7 
1.0022560577142823E-4 0.0019441827756354522 3.3015387227369095E-7 
9.020304519428541E-5 0.001749764498071907 2.971384850463219E-7 
8.118274067485687E-5 0.0015747880482647164 2.674246365416897E-7 
7.306446660737118E-5 0.0014173092434382447 2.4068217288752075E-7 
6.575801994663407E-5 0.0012755783190944202 2.1661395559876868E-7 
